-302.9607813979911
-390.80577614335715
-203.30545517326135
-220.73820905472732
-209.30862197737946
-164.85492728013278
-148.2305015201345
-308.3231618728333
49.259548831970896
-310.0609286320221
-264.17042387720153
50.0
-274.7305907806509
48.58197554414236
-188.51632860733346
-165.5434359245283
-303.863154764715
-342.2252909394598
-262.14916613622256
-422.9550070971052
-360.7385529791677
-305.6846528705631
42.92140622232944
-289.10851393058573
-469.1740559907019
-365.0014206868443
-398.7947756228056
-247.44420494208092
-373.44398787499466
-167.34951628568854
-265.84942575001276
-218.9657180119734
-138.01775417965337
-117.18270724415592
-179.61294820580156
-227.84726297758806
-263.30434068905765
-270.85229821278193
-1.9852103435209614
-141.0731426738545
-328.9260338373004
-190.26047351953684
-126.85091841682738
-268.03634175612154
-213.0968043155227
-233.22715593240434
48.273495149801086
-230.94066887154085
-135.3297495164347
-266.7926525344838
-356.17337334646874
-213.90178605193705
-217.41793331208666
48.450472114379465
-402.0564926830242
46.68251264772169
-116.14308323640086
49.57950930691904
-108.91432055424022
-239.92902293828627
-186.50133825041934
-300.412108967877
49.8884619239896
-201.58303307905317
-207.1346387662951
-144.80890622988431
50.0
-355.3715250860457
-329.1874738949356
-163.44662049444034
-278.6182382035276
-151.42734771823314
-129.75827586243474
-111.8135793478504
-166.23187488052338
49.16066805954588
-222.1865202948211
-188.02337764611357
18.754224221336035
-118.43252418134881
-277.55549469385454
-241.3956074866629
-217.2122706912226
30.459468771007153
-254.88871927524414
-99.23853481484443
-119.17558379205582
-232.6274333164488
-293.39702361982495
-282.94323140396773
-115.87041927431522
-227.90607773439976
-236.03319739689255
-153.37234874460543
-176.9091370726709
-245.80335642383218
-121.14663858077488
-276.8170543167604
-160.60638512888272
-264.729462144063
-248.10342639947467
-129.3958271112672
-90.75358178588976
-244.7595850926132
-124.01347111621396
-135.159249371318
-155.33648620392884
-252.74795573630524
-49.12047092272764
-69.37403457528909
-114.841256808143
-152.75223630703067
-295.43342921457406
-151.70911075815857
-70.4301507317002
-237.05908685036303
48.5453000079259
-118.38554261920476
-335.3421724323809
-216.9479304225359
-251.45192124615897
-143.8385413523682
-234.31645010849024
-242.48340664978556
-177.74255492521138
-143.68664433038322
-96.19252809349815
-94.7639428033664
-153.98482144500133
-116.71421214631638
-252.66212556092717
-187.43588217235825
-174.165818338843
-114.4919804418472
26.575898191883766
-234.68606433218778
-59.028025922741136
-189.58432124729904
-164.51786487029142
-99.89085461891946
-139.7199866988209
-179.382319128735
-152.25509012741458
-131.90735900201048
-135.63495760931784
-71.88667935117118
-87.37473298624548
-176.34384867097836
-68.63827057883584
-160.3703281747711
-107.9280867419453
-14.921264608377555
-123.74065342427632
-133.11806789195947
-95.46450577816567
-317.7168875781777
-181.67189803189842
-81.35482754519262
-57.07649382753073
-99.05296910197502
-24.677361659094856
-80.53345139070895
-143.8598435253073
31.759687612215497
35.79461218290224
-154.9490910824196
-48.31674302632418
47.05586955617068
23.435383027752135
18.04557234149457
-76.17476012479491
5.424885288156361
-59.120246973433694
-232.42226431888105
30.004428007774646
-72.94205752499461
-81.85636055981624
-18.516634833919156
-71.89161786757437
-112.03830123197972
-192.86907423794358
-138.41422453096294
-109.81919415863322
-49.13506018156076
-119.66218251107325
-84.78886494569704
-181.62666470038295
-137.64135412400813
-131.39911282713504
-99.6421292190812
-116.9611649857298
5.263927880171082
-61.682602706133565
-107.53220313907231
-93.75395795035152
-103.4981799538705
-72.69249796273195
-141.848792091607
-172.3929960020752
-154.1262995973764
-127.52119403748091
-175.00605718580576
-78.42269704873448
-116.05892018458557
-61.70791916427687
-96.97667618415927
-63.36862491029734
-128.6715016855119
-114.35614595890321
-68.27213917019137
-164.9518434366868
-88.93440889397075
-122.03065848372718
-156.0771729256371
-127.0424341964087
-225.96329522551258
-122.83569871670629
-183.74806745142521
-186.76675659488015
-162.8014427530361
-182.62275446094344
-100.8670602838504
47.830017895780465
-196.53424683443234
-58.70781061475558
-252.56300907838147
-227.31108890544826
-147.12067308992332
-211.52946691358483
-159.35128901512732
-267.2177952452128
-218.39725127582636
-287.50171279855476
-253.5621631661341
-145.138963558594
-169.20286655131423
-329.0785397086922
-332.13448184172796
-152.9119717111426
-337.8199512443718
-302.0714124358725
-266.5405255962394
-158.58486911580192
-175.4368757919757
-236.69299469123303
-139.3132586304155
-280.64916732042445
-246.837224288477
-240.2591182384998
-185.7563598232605
-197.67012172851724
-307.57952622003427
-199.82259951182215
-276.18048718387394
42.61497393856988
-135.10986830120413
-160.6956511584588
-71.37278931767344
-246.09760314025667
-149.26313356654416
-266.8935575176744
-345.50036184428615
-124.2033071149749
-131.17690097360807
-112.51116672636572
-125.73991292814193
-103.78773701951917
-138.01202867249188
-120.9426149961967
-112.90529161539364
-106.68185334428567
-38.365067966656
-93.08385193846969
-105.58014984905695
-51.69386875078429
-45.79661605966887
-5.3306010993204325
-184.0832493167989
-235.47733308573996
-41.225400606670576
-150.30646082067182
-70.94266511528178
-44.903231450914554
-165.80313678594516
-146.2004529887764
-289.3354840067655
-46.0848438558424
-133.2565539695422
-10.03963354287314
-85.20587261235785
-217.1342644717528
-107.27124002976161
-172.5087205769473
-115.83261998065328
-110.35639562549686
-106.06106041972865
-138.19800147171128
-81.18559004108641
-250.14159314157575
-108.6641791498525
-90.02015872386377
-83.3275410569551
-100.45475990354416
-60.06091264199326
-56.24878984994014
-238.60802254734452
50.0
-123.68822726017137
-54.458128111333814
-109.73683040543882
-100.75835815510207
-68.65749454811274
40.21146196465206
-145.40700227605393
44.35946242249038
-29.860416289824613
-107.30968975777569
-99.35357789984623
25.12201046429254
-78.78652092886165
38.78555496826176
-49.166574660323995
20.606210405551835
-92.03937218611424
-111.24829901594588
29.899507774032212
-45.72770152555371
-62.55333606764526
-68.25680376676911
-141.73009569940282
-144.09817903381483
8.444954915910799
-110.97733270096587
-121.36121320034484
-67.75244302494363
-108.05509663593503
-75.51006772914445
-73.60519190446807
27.41918321361189
-91.7627716145302
-62.28511456132688
40.23963806290284
47.81666575147969
-95.643513919318
21.52650475089973
-94.5306810435655
-34.92728389818505
23.125733704354968
-98.68424017862229
-50.89006287764976
-118.29361734421727
14.85616098906457
-60.43574160869227
-87.99181122703456
-57.4957563009188
1.768358175129606
-53.89100394511139
49.061913536310456
-62.60509343926094
-78.18692284997353
-75.76513255909346
-48.44686953267668
-94.86762661175474
-67.31074859862875
-72.82982242982392
-88.72968542760978
-4.2317556669532195
8.217392558578396
-74.76232372405185
-10.00731144292795
-83.98801355958805
49.74508231603348
-48.07248856803976
-59.599028423158884
-71.04091544779772
-110.18157890661952
-61.42019863408773
47.043185880695034
-76.2683822585739
50.0
48.51450377987946
-22.922364477177425
-53.813896741069314
-64.17004976304455
-2.518735408126574
-35.67459728679695
-116.25861490277059
-78.46503502744469
-97.43801360625412
-47.29928834452535
47.55703617573744
-48.96113626612716
-110.20807079218584
-85.79507710118746
-101.74498881548519
30.62110819580248
-74.15530718083195
-63.98851037737801
26.47665931426877
-79.6559799393442
-77.93212332986523
31.276748910391685
-45.40224492355793
-96.1320722128895
-64.93727423609018
-120.23259505731484
-78.16101896865234
-115.62983832043125
-102.62486838000495
-63.05310440409118
-67.75616568839222
-78.04808035650241
-130.93050734962804
39.58511184364951
-114.56017791878655
-105.46472006959235
-70.11730570074755
50.0
-62.76183303282992
-142.6732743624281
-101.11423575376108
-94.13230187245973
-168.5006805974625
-119.043381006642
-115.73328371249073
-80.81838763948944
-49.891627649674675
-86.51638440084763
-100.43608897954208
-146.7454599851313
-118.8200789396621
43.016502235014
-60.55047292461536
24.406278918607168
-48.65275604935432
-107.85508836540454
-91.99401648022666
-86.54967076106774
-131.2462260147239
-82.88099885819419
-86.0461773958116
-111.24049443599863
-100.6512688190392
-145.48497351334123
-104.6851405232231
-93.28626573830547
-102.33279661217767
-106.95408472180347
-66.89930928443866
-88.65406149332662
-83.48524742253923
48.062590819726864
-78.65806155748598
-91.68390361831744
-140.86588168012875
-107.2413770084697
-67.98939609800983
-54.66916370682611
-59.46028980980189
-46.07654342094686
-113.60349865610918
-58.38947055396735
48.85272364774726
-67.23170643589609
-68.05835634664318
12.202861743838262
43.85714759282117
-47.70227353764726
-72.56194022449989
30.031465151563417
-29.65003029127058
-80.80251237547954
31.724618842989113
-75.48918256753869
46.041932769657265
31.42307428579082
6.983092788139366
-33.7709499536812
-87.03789745137331
45.88402740733575
-83.36442520965915
-192.38544771505028
-40.91674333386718
-132.2617981650932
-46.55351402903692
-152.65736405145793
-13.086082761067573
-60.593918891882595
50.0
-117.40305207446727
-45.11495134731182
-44.03009946888743
-115.19495215367236
-119.12399650403164
-121.53862325906195
-104.98579173210176
-150.0439926143685
-189.1340570491699
-263.3365910524312
44.881646908585836
-116.82176537013898
-152.55800729974217
-79.51741472087443
-59.92491649019135
-184.7183074501082
-115.70225425548753
-44.03342108692085
-88.14354715375124
-161.39593125006076
-98.14274164899865
-129.89140645409483
-139.35821544229063
-139.77976378237702
-92.29746427392016
-47.175984795044705
-190.61843090452484
42.36940805969946
-19.074260903114933
-91.08433170420706
-66.14556617270108
-1.7517225515779842
-75.65729906075761
-144.27480787865164
-66.24869245177729
20.175125356793007
44.736756410589464
-78.45142456041448
50.0
31.857862074248285
-66.23108411866009
-4.376168736989385
-108.04755394548317
-84.21047303722067
-86.81456345357157
-117.35600747466336
38.38217800631621
-58.585348877775196
-63.796950248103755
-43.2579054799117
-48.67907758045613
-65.17967928763512
35.53500351532376
-47.57020044420306
-116.17571712357213
-75.54177218401256
-76.20271584921191
-101.97931658777748
-122.66792313416812
-63.41596236508141
-110.91193269737948
-73.64064759290777
-176.6874593671751
-66.50827365223572
34.19975476802298
-102.21042380782228
-83.86609950146247
-91.66599523874766
-115.69968027545518
-112.5455726963749
-107.22806090677949
-156.33750776374148
-140.0529927170497
-97.54482980066122
42.57813230120236
48.139839063773806
-126.95377691500398
-111.23465826948488
-121.58809721169332
-74.80995731994912
-108.32317549964003
-102.71157210528656
-102.31233215838354
-98.83863953637287
-79.73734532408372
-89.6452627785424
-98.8336477757688
-102.4528606844804
-99.47292268461091
-138.8493914920265
-80.45706642732169
-140.01456172372949
-134.9067126571402
-193.60679235601154
-169.46077688808353
-154.4779433689436
-157.56645589619933
-265.88209224992573
-180.14347652643195
-102.49912470730253
-165.78379280360863
-152.61431018722075
-143.82514431125907
-144.95778942438344
-102.66442780289958
-159.70760409265569
-131.20166132440283
-97.83568990353756
-136.29860300483014
-162.2345100462593
-53.84770140656285
-119.73351982345925
-82.01901355096805
-97.78462909415813
-172.30616929528637
-55.88304678648147
-38.12497122224747
-44.84545332437016
4.387017071752936
-131.29706647697117
29.92281243027545
-67.4615957001883
-73.39286489357607
-6.559171637886941
25.621152656649805
49.54600253060679
-75.64753647794133
16.717918295114693
-73.40872241481297
-136.6087911190291
-70.39474383458052
-94.61415094545215
-77.03512438562296
-84.25920418540363
-108.60661252788591
-64.54444850625853
-44.51187854821884
-121.15055943031173
-151.77420000218032
-97.4089655139937
-127.60917742639795
-144.62344036604523
-160.69719528111435
-59.266666311413346
-109.40343346717442
-120.81559532149987
31.947098419992678
-30.84259203711384
13.524165666669333
-90.1769658870696
-106.3537174673346
-177.65025064788034
-111.30785530932862
-83.45529625513211
-160.20314679603555
-74.25270019466907
-72.00858894612246
-103.75074476663406
-118.73200177242363
-133.19216021260692
-86.20631749053078
28.882724540074495
-107.41790509487562
-32.824207331216336
-31.592425254128337
-45.6441314204343
16.463131710695812
26.942207441027595
-51.68485363346239
-70.9932954328531
-36.02244297930531
21.74783147736266
45.174866942601746
28.50329350683871
41.20190272517906
-40.420673139163604
-96.68000304347798
-129.38905477285155
-45.85235573152495
-70.16068331770654
-76.12703544806814
-63.041060855802314
-66.52396997985355
-79.71049722498059
-37.06035134034394
-93.42291197927987
-97.34508286499582
-80.57268275541232
-128.60743207868444
-104.55874393373449
-71.01905233704291
-76.97026637113493
-101.23012056818489
-64.15075228139342
-107.76868339444096
-106.95514648914937
-117.12703052211248
-85.12107567798407
-97.07545435691632
-32.46224587477208
33.33637127828139
-71.44713832403576
-50.30515109897239
-60.32351041591793
-109.46786163653859
-74.54564232013487
-102.22938839821482
-74.98835282147185
-120.3009116442006
-90.38784023020078
30.948427616855064
-88.46549799661287
-82.760805823121
-126.97220028505284
-149.84686952823552
-118.33550852339619
45.979926994082035
-105.09489035776575
-117.25782121618275
-79.13667009887895
-108.35053610761521
-80.0948796317514
-65.56728899262897
31.841242468694936
-84.69080703850439
-84.81844034048538
-77.89222758734721
45.898942602899915
-73.65583605349607
-48.689636591871256
-42.3069502537054
-4.067439959908221
42.459408631789586
-45.100677893568125
35.95514885651473
39.599168717297786
-30.994390543090123
-117.13092200685679
-8.794665683982366
8.60542339710674
-67.47228067156654
34.31654333551423
-53.30563049810313
-104.26661799685407
-71.44867462391758
-66.97685819913937
-32.77322580190023
-66.73099961925769
12.827107239777163
-96.7799713365237
-56.371801535073864
-36.297507927870186
34.132021596610436
-136.37362793161333
-69.29213538639812
33.8514183700693
-62.94021957976625
-113.24652968764231
41.85380544853449
-103.79913388840126
-83.55435098251819
-72.04575141732255
-76.98118169651241
-44.644690079504926
-75.23549147260664
-66.09700757940469
-74.11181627765575
40.97791694334866
-64.52213086920032
32.02294230528438
-106.25463247469354
-87.01666328063138
-76.46054964969221
-103.48408387479091
-82.42804059957376
35.24972222335269
-81.66959631203807
23.392188490177464
-75.82045317308996
-70.02048327043687
-22.485882764775695
-51.73829140848009
-66.87391286111888
44.112708595443095
-53.937624101571735
41.39832555867255
22.249569356529147
-109.51833673906367
-42.67655863405359
45.85509191301111
-46.13645274950944
31.22756416548764
-47.14163524935061
-60.9184233386477
20.429204864499347
-47.80731503638411
-68.75102437577513
-49.77548811598464
26.88415370757446
25.385482447813963
-48.63699565010899
41.90611764705701
24.583813828692726
40.028568625829685
-66.47664410441784
-46.28440450326839
48.000475987673674
-43.04062016462343
23.27099204686317
-39.59558471030436
-64.80467888408589
-103.42135796632914
-48.58392571603213
29.907799916779748
-49.950505872824536
-66.35635939810062
44.58531067497842
-56.70506926701694
-75.13296557329981
-39.98269629261523
-41.066368025092224
31.767052302430898
35.13243005107816
-33.582931389681406
-62.29440869042333
-68.61027851967525
-26.255986295110333
-49.6881938665243
-84.36556463048657
31.211273262682152
49.03686078156739
-62.971824636665616
-80.94384698688985
-69.79589872982818
-69.90810449276987
-78.6899741432972
-86.30749869048876
-49.142669093101546
30.805983044669205
17.074764444869352
-79.54953764502459
49.62099648376727
-141.27941311350992
49.750490289137666
-101.12550478154621
-115.74005005756904
-108.83343699198588
-119.00618134096807
-157.09237534841438
-85.07400483034873
-66.46717946427947
-158.22326058971882
-94.30068032984664
-123.65346092828504
-99.31903298191062
-97.38834208382796
-107.99277936080607
49.651824781898846
-100.14791132043898
-2.16715048342283
-134.82097286761967
-64.17315410782304
-159.42708906314684
-52.06790898455717
-87.40408716178531
-81.2048512614253
-99.68534507395894
-133.34889548949053
-82.01264951952668
45.33294869793729
-69.33315860225571
5.642535263116123
-78.02543212109705
-84.61691397987072
44.68996970167715
29.238635309545327
43.99883455454026
-31.32700621672307
49.788139889204466
43.80656583664346
-6.907729556836799
42.98470947656197
-34.64321636419245
23.535320893420874
17.88278757826955
-26.633755236125513
-25.12439677729885
45.21250399786067
-70.51400113167423
46.51930163486554
-79.13605303665031
38.66501154809647
22.596993284533916
-29.011030717371654
-40.18029190068477
-81.33708709761869
24.260063049260843
-68.04569283851117
-58.70670801967019
46.763763104051776
-77.12959169536148
-66.02966466870961
-59.929000521893705
-71.40553197576402
-61.49382971972287
-71.30762212689025
-79.7505268055692
-40.26415820860724
-42.994764052736436
-79.55672758111344
-73.01824621554674
-61.1768987444827
-46.453126612022224
-66.34597551060185
50.0
49.58038239138071
-54.048928865414936
-42.850092370966365
-68.45971390814606
-79.62472425222518
-78.2679872245518
-75.69511884035778
-69.82069917054825
-76.91630614391298
-27.517393666700556
-65.39503547757056
-33.420192595780094
-51.00674605672493
28.220600780944338
22.630002978619494
31.726019449551156
-38.89390875575006
-53.78089130101602
-52.35987785501065
-53.23078940470688
-60.497181389733555
-48.5226466561439
-153.58459686026583
-81.15269535956796
49.20364821683438
-77.60832913175419
-81.34773555867626
-36.10009266371866
-99.8592207448324
-90.7608702037136
-51.6927161509386
-100.9710372775839
-78.56881707243792
-66.09780427082299
-60.52862159137535
-172.58891902239313
-137.2696435203425
-141.039701129386
-120.7289908805758
-81.51719518999651
-138.09358551363607
-104.32289818882951
-67.37306150988563
-106.49186513917135
-105.6029374282873
-87.92196766917458
-84.31129738720685
-91.72028221889677
-93.70662183318147
-119.08747459300977
-83.58081375415327
-85.81040642738041
-99.97180229744271
14.154674807563218
-97.37290526473592
-21.35277326660075
49.23945302074062
49.34837233983764
-82.66296222198129
-35.82697315567328
-55.81736435572974
-87.09608325410659
-39.23214457904407
-90.00578308105582
-78.98764952966516
26.24056403908388
-38.060978085761626
-60.00434173891477
-101.0895619539976
-87.41765929120156
-45.78248048367389
-63.62618677168381
-75.05693324829102
-59.81249460185931
-118.96955909917828
-47.002433256772925
45.650463661833484
-136.27544703836853
17.6291681760248
36.48008008072831
-91.54774763790012
46.22069736659783
29.85000628353965
-95.68487910455212
-49.53519429692704
42.660245583642414
-64.72183325298738
-82.83680387899909
-46.41814291781973
-64.5227139733892
-58.071844590516854
49.64815794886571
-90.5240530570986
48.79170691175527
5.551217658248852
-46.623686652031985
-49.87130111259101
40.62542294029219
-116.88759620868012
9.097976462157277
-41.59733592159069
21.76288261148359
-40.834635025441806
-37.472171465290685
42.44661343761528
22.86431014837401
43.83980405020449
-36.50696925060972
-43.76332302126627
-32.71249599679738
-38.58024438240092
-36.670979889511145
-41.3930420518411
-57.51706463196367
-37.884839954864184
-47.78443588212504
-27.961422287760286
43.76238850358324
-63.76164737782576
-55.19739923823476
-40.11771620152281
-41.06760662996992
-74.31520167728014
49.82148507105789
-58.81533642819697
-74.00513349586264
-61.84842687335203
-98.68313026802682
-64.38828468226156
-54.77901844455458
-63.479849569110186
-57.80648296727336
-71.51001265756251
-69.99424598306202
-76.07564746854277
-66.13804666099003
24.279239995885124
-47.656219588336704
-65.77508775193917
-36.766529648657695
-71.03229042057924
-103.15368037842104
-60.9386351203675
-83.871181950793
-69.87294538825752
-52.897629162894546
-35.90214599397852
-68.74437277177245
-46.611001825081374
-36.52871644289528
-53.64496501072965
27.308064194890317
-50.04282815300416
-44.13909968214694
45.26551999703582
13.510734035857382
47.61593182283268
10.421615217975848
-41.50325807172087
48.021106579188995
-23.34909945366262
-37.84700668808134
-48.47393425190131
-36.45736235805231
-14.93038891284948
43.64648666491654
-72.38948087507005
-41.711002935949026
-49.3875700768488
-61.83974727240138
30.882591688915536
-61.4676163467129
-45.822046353529096
-75.25378948859786
-57.003766899971986
43.58295115221548
-103.2588036997671
-89.01685706418859
19.464746074414226
-70.59536550720118
-68.61543724715692
-64.17278059179851
-67.00493415124525
-56.33871437829019
-55.995765563491936
50.0
-33.02943392506223
-8.57786273000874
-107.64273617278505
24.650737657371128
-62.20396552818601
-35.40080311107877
27.60959478081744
-18.667040219130072
-37.30541420525027
-25.02271848470457
20.20287579499925
34.60777842823599
42.534326548395335
-46.370560464385825
-42.75006912004553
-46.03134025278502
-52.066421345926145
-54.80605166560387
-71.02828293167596
-42.774436116057764
33.46914556030797
-35.02143934945498
-39.77753306034358
-51.74220900038898
-80.95795293618815
-31.79200010068184
25.050712606997372
-62.23043923314877
39.34150890818576
24.959796792454444
-81.79572323253973
-50.48512013529282
4.961262057029977
26.80967506361841
-79.83305170107359
47.741926213159786
-65.4601220449785
-42.16571540669915
30.75251389967213
47.92620586241754
-65.22158615756459
-99.45159523969117
-36.156101497161536
35.18266944774011
24.93549399289388
-33.192433784419066
47.51403929304777
-9.644649860190441
-52.42610173145285
-44.68781157906004
21.421412861623068
36.333077208624935
-28.962672280795143
3.0992655593778835
0.7268114167835051
39.08544921738471
31.639289593038303
-24.73026994567306
14.793390789185935
46.06301525374521
44.07621882766037
47.77914833589031
49.94991211424263
-39.66965700435727
-33.45477509980901
25.825737991216474
41.19153353651758
-19.96018641009867
-34.07448017304479
41.388260469936384
22.11913142361285
-18.821899797420873
23.502707828918464
-36.815239559419744
44.2325953645547
-63.838883176442145
-46.57218283763334
47.97778467402539
44.602474614784605
45.20988882476775
34.47164180664777
-4.620681399723914
19.1137462969974
3.4307858880034274
-38.53417369417813
-25.393430666968257
-30.14012101214216
48.87513983766856
15.722121846709967
-46.0267717343075
-89.46286594581137
7.134874426273299
40.96238718810476
-64.89840429040672
14.614870893418036
-25.56397335717709
-42.18507617295541
-38.88933311493501
23.397980730772982
41.45891685599792
3.4382890116945575
7.256455607697902
26.644468348128044
44.038958760516444
-42.029374071348236
25.094048966041136
28.614055547692264
12.36831783409852
27.18091388958461
39.31492184194762
40.78568151876048
10.103564182038426
31.52979796219154
48.839157705126226
49.2020192438747
48.41752152518691
-19.977666756884624
-23.327560871933105
-18.23025605977168
-21.310797798864
28.0539803976739
45.381048596566096
23.34052083538082
-8.80813485474031
3.8997618988745444
34.35963994371955
-44.05533743523127
-41.90677545585627
-3.905978719526047
-25.571494459647127
12.018989485977613
-42.35738182277066
44.40194282654925
38.881216294164744
12.31439023118162
-68.64216998280192
35.75187550049787
47.83753161921332
40.12357499177662
39.07315298056632
-45.620469982719946
-62.322013867111856
16.17796453607655
30.545135117763046
50.0
21.514539834488446
42.393473228834
45.00999194568762
28.378076985774946
-27.255184259191115
-61.50358989950221
28.20316834054311
48.656654027147724
-49.2617131776703
39.00454750677171
-16.35708139990649
-25.629602119107275
45.603472507810025
45.369121975918986
35.87097134356583
7.64813162505591
-41.78608569687688
-31.002479627229597
-39.73867630832014
-37.73054610981044
24.590462402953943
-45.13163187661432
-145.89092357430812
-40.96103704027728
-83.8640142188876
-31.649834649190737
-59.14901662747286
-31.37875932319338
16.28741467309274
-65.17001686309446
-45.60146826257309
-33.07323304568892
-67.44014880303503
23.024918804753554
-37.373730789888995
9.737556261291395
-52.28571504781021
43.209435952688814
42.47528305522345
-37.078218395205774
39.95497899319313
29.785472445574694
41.65764294728133
25.099697674832985
17.2700481436804
33.185069909313455
-50.723231966054676
31.08261154997869
38.900969435515506
30.49479190809213
45.926345888445745
33.55851534521403
35.39537254380594
45.34593821575773
-88.21612285150323
31.97166663127533
-5.565993558017759
44.16448261470803
38.83106648589979
32.53828494488933
39.92428625476717
29.666258497188885
27.60875801429909
39.350539473884204
33.614364490611045
39.00417897416365
40.61852683765123
38.769579641644455
44.19140341756997
-28.775406274177854
-39.303827071970254
39.25273226990309
-30.832863725201697
47.91402244030069
-11.807285228255914
-29.401300050425867
36.28464843951712
26.124141385400318
50.0
41.53684739361174
50.0
-37.25505682276783
-31.704352029199722
40.796555590976766
18.084785831448205
37.23080053565581
38.32340932868837
-38.89929406925682
37.47739055771899
49.72631725507267
-35.05991344642724
33.30977159542792
26.010360757811807
-32.66422039105446
-23.31841065673729
-39.27325630978278
49.629851671218326
-31.262879482929105
-15.749582004034181
40.892910707590985
27.701190238549643
10.303630663952639
40.823304084949946
-32.75174134534881
-30.32277231478716
37.202897901265466
-32.816816412076506
33.537660723283125
-52.25873537545372
44.78709473194725
19.5602886090763
-67.17409079211875
-47.45252624493593
-47.828748936147946
6.569233370883218
47.607419063571335
-65.41888371092284
-52.22077629224619
-60.88764117242201
-66.90996776507396
8.48887278105827
-31.130618083447406
38.492935755635784
-56.00385821924567
-35.27818869324469
-6.105830960552886
-32.991144163516495
37.70363512983889
-44.956149142634
-39.52616084167259
37.94222882251627
-48.737094792520004
50.0
-60.63230468246375
-63.7442007281787
48.81384616397202
-105.88719747328842
-38.579384246114124
-113.48437671318882
-72.61819195511762
-80.2169105780698
-59.697635668504766
-31.981150353178784
-54.50865896895466
36.33735112428107
-41.69823162710605
38.60005606804756
37.255483918625806
40.48198537424462
-36.243262274126
31.008112736275997
-33.8103564349407
13.294979591571618
29.957532515476714
-44.94353667905828
12.522926949297435
23.31837290134406
-0.19502768786347247
47.18589990424602
23.068407586994958
-33.501920306934245
-41.24397566936382
-73.57510167532534
25.651082673597667
-3.247211392648296
-35.01467549673088
-50.25092040098782
-56.89862811070281
30.117950766846977
38.596054382514815
-52.53997272296959
-59.179804147305845
-40.46682931063865
-59.46314204704152
-60.029741250829936
-52.98733365593998
43.45734636350737
-45.59739126699553
-81.14193444345133
-74.76109038366202
-59.212765734759685
13.473439573137462
-59.06805852591528
-52.95179952681177
40.678779293738245
-50.2195653602262
-83.21790574408676
-46.18767324537494
40.1698494717616
-58.42400142828511
44.52666245899357
39.860815845969555
-78.40173325990173
38.62701042909244
-72.60285453550007
-49.02508505115322
-124.46654364117157
37.25994405867115
-60.57001954572138
-42.57670564277039
-52.700500995171836
-54.02419027134793
-58.261896797020015
-55.021773846631106
-43.52728042355724
-30.59670841521126
-83.74093605871067
47.510961216200926
-51.78489500603151
6.970332045150641
21.610763427324734
32.798204476086816
31.12182001155187
-65.68239492498394
42.86886844923122
-81.29991963221285
38.343002221178054
-41.421314172116965
31.498075757294455
-39.066297985791984
-46.411739671136004
-77.83763782616381
46.439336750925385
-25.36038548540677
48.26402923920811
39.86672789645821
36.23679544576468
44.93346119874088
-45.01059377070266
22.948760838031284
-16.411246320081304
28.175229848534684
-13.402692048401533
-44.105752681916485
44.51130257738814
-54.932874716253956
46.774806997602155
25.432863093296117
31.25847166356613
11.964345456525116
36.273390512596514
-53.9586783768916
-44.263075581678535
-60.655928796862455
-48.759851572508744
-55.661328114127166
-2.5652572027478513
41.319402982905416
9.83485640443164
-33.154436326033526
27.196862450359394
-43.27332431280837
-45.88809731887646
48.431735393396224
36.50082129115317
22.304368461870226
-27.269159380682204
-42.53210072157281
12.362958324624962
-54.675386386810175
-24.993410469111584
-29.98028536283627
-27.643979641785037
2.1804801140592787
-29.741575767599286
47.04678131609374
-51.12842314069904
36.31297709005162
-23.679332879478025
-31.013267555621667
-40.91853101102735
-30.89040604077694
-41.97010406896741
29.87541873014106
-7.1795053120332994
-38.73719012243838
40.179277267726306
-51.43070214060988
-0.4265104708299674
-30.553751898672065
-61.57166652689447
-49.0843380858564
-30.64480125472954
-30.971429450852156
-64.82924038599327
17.22151750743818
-44.28001695268109
-49.96409725599548
31.110985207773375
7.56851485331196
-4.213428675422655
21.92134099081335
-35.987163049987046
-70.33790555856423
-44.09566564138608
-26.662863900322407
22.081137049851172
-34.15157690048022
-3.2546734735578937
-76.42843445431855
-45.307841764653304
-60.6771731237277
-45.440464431404266
-43.916687168801545
-40.85491091173051
-51.41295086238131
14.041091427292784
15.379352718221625
-99.37586766139069
22.452253277823896
48.42788337310343
-103.0880548976515
-38.52046204070112
35.02014032771954
-35.9570472631474
-122.3912038478436
-55.388740994433796
-28.158398960892146
-66.47004717721713
-54.079040613091095
-49.81518072799102
-65.41235260378008
-53.46681583218184
-54.69826690001958
-82.16568504532978
-61.732841490236744
-68.25136932242546
-62.32765969898618
-64.56858784705051
28.47442568241164
-90.53571302327786
-45.6705413593612
-49.4002254600446
-33.25368494088372
-61.09179018063269
-56.671331043263336
36.15738152481579
-29.442186550254277
-33.44933133495233
-45.41923482550655
-49.225268439555364
22.876961034203617
-94.10542530155979
-47.36738397062791
-76.68850080935223
-61.316834248792254
46.405461175580555
-26.77764834411419
-28.684040965954953
44.45502464618259
-51.03677108130099
45.24237484617517
-27.768104488180196
-39.241809357288815
28.47473513769563
-61.84003587203846
-47.14129809688209
20.956329604622827
42.31717561401507
-45.21437540676637
-36.06260734215122
-22.901059062638407
35.37027482298137
14.385448090014798
-31.70386259155778
-81.79510385019266
22.14885760149945
-29.177398448127647
37.43750706683045
-33.07539581117842
50.0
-39.59246269482782
38.447096229579074
-40.93537050138606
29.047911807134863
21.562149723363227
45.69526346165798
-69.69623194999687
-51.24661850974648
-39.38966723458353
-32.430632983245076
-3.2615343032008184
40.4296007495035
-100.88938388445581
-53.83978284702934
-35.228934602383355
-48.21879718711072
28.83692486157552
-60.587627304406624
-47.275008452674435
-45.54015197232353
-36.7527128442419
3.7984958908191615
-102.83118183373993
-47.23560184484873
-47.32239987598684
-81.79622083004332
-69.5793277555797
-41.423752709582054
-32.083354628512275
45.106850266023656
-4.620037135215455
42.753159093833396
-35.690826287180336
-45.801040225531075
-57.63069666922467
45.75610458469758
50.0
-61.73743879552945
-41.02012297194158
-33.134927076504184
27.459153406422143
40.86290262059905
45.237168571118076
-3.420506530291064
28.493196122178965
29.586796990365976
0.07723977447719221
-27.163641901898274
26.423523772045943
36.435216184846745
44.04705608985678
-26.30205915213902
-45.907312396647626
-55.39101602295475
49.56982718439835
-71.84102020555886
-12.919854918987319
4.352983462710533
10.353486344724644
41.02896379103254
3.1804920755202204
36.712678831614916
36.57866800805597
44.62076516413374
8.299674418595124
-38.589801324534655
-61.49432452618171
-39.54682097808782
-27.001479957267485
49.91845117841486
13.317373199210742
29.293786584906393
25.93120758629712
16.143587190339808
15.456304987356752
30.373110383534293
36.59453930121405
-43.959571757292004
31.960342972297816
-37.133571999193
-49.87824615734781
-25.770840005217188
3.107245827456623
-40.98760953128262
13.152805952986157
46.486770054002335
-71.27027648899625
32.54488254498237
-9.459768634132026
45.22762943502276
25.231769049626628
3.5614099138591797
21.29836236507749
25.93192146550602
25.838188609587384
47.796036581378765
28.531649130227496
-22.887151962890826
45.2366234417002
25.621015287453265
10.804439680266796
36.13219760575278
39.845780278805364
27.604421467765004
44.64927545836935
48.421628346440414
45.48156975729461
47.40712526059852
44.26570873897923
15.156939132268647
31.12725302814719
49.83588201996746
18.72891215215714
11.148910996533132
37.4781890577997
32.77045540143129
36.141623780446594
49.49722416666354
20.648098462558515
16.999433993626567
-0.3908161174354632
49.25362356439696
34.65051730761591
-58.357026897233226
-41.7622882644793
-29.544863916853387
35.47899180120388
19.687884655839543
16.37732892266645
40.67261576757354
44.760813455468764
-21.875852668335824
-6.290106844437538
-25.661757124756548
23.489263357245434
49.5710333205243
43.276043305513
30.90947420195244
-29.923694099080052
44.45631355548839
-31.319341369575284
23.870043834812797
46.31524289579541
38.314152310984106
19.0417645780806
34.065612599760776
38.04209283624512
39.39797261062351
12.68919586223464
36.740811325194464
7.425453063247943
24.22970670843718
40.810208010816126
49.54614260760116
49.83097960975072
-1.544811739768214
48.38567432558837
8.934975360334732
46.51423315942379
18.883367525107513
41.65385562441588
25.34834616337352
24.52252766361435
46.85601635096704
-39.95774442522011
2.452383744779617
30.586842679042302
28.34501819485641
3.6970277834157557
-2.3688714093408123
41.529144088019926
38.30110426399321
32.972940348565515
47.48921875638386
50.0
34.03507129856557
45.4737532720291
39.59550378346543
40.304077395140496
39.03052791488507
34.761252293249164
34.62134163143504
46.03372985073098
-16.863513546292225
34.43994881686718
-47.4242693435442
23.545983846851556
-17.269214299352555
30.701791295683087
39.076552422814785
-26.49413654642775
44.837310881073506
32.37656906044869
23.372026128238677
21.5096705959234
46.50978516625077
-35.34658694495742
39.988517176449406
39.56418300867809
40.93972563995563
31.699911783662163
42.09715198650593
42.66527833884835
39.289756992322054
35.366959462983864
43.09286327743391
-21.079326315945114
-10.51970319423129
30.782211593759392
30.447628771317284
15.303515115821384
30.7645968421432
35.711328006715895
41.71973090791977
39.74038699402947
29.385942593311025
25.41772745225235
6.539145281443403
44.024482820944314
44.176188500574355
34.77023404363587
24.74381996063441
31.267654213632184
31.302713384727234
38.1590257004482
46.84370195183219
41.79099546827638
43.55812707503411
45.259544460952824
38.183551261942156
0.9130689753865653
27.210966575475805
31.693813322434888
-11.312744328003845
15.125842662094456
32.8877131358452
44.64914669347414
37.40086642252872
22.16969047442382
33.75169544198826
46.73105699806689
44.84822258161055
48.643273847528235
28.707003997172585
47.68370914557302
10.621423235771864
-27.394063295782857
-26.41320562383771
45.3369576498981
41.82256339058797
45.16235239105315
50.0
-57.9226913165047
39.32933733423719
24.02168368799015
48.40093837036414
37.91838776824599
40.93175932424932
19.93230590612998
46.08796754088973
45.215123374694016
-105.73528941151491
30.1270897836778
25.47541771823344
27.47866681492718
31.08368552049538
37.159220460341935
43.6644255553308
-37.245904458278595
26.171180582657083
22.414341158778186
38.4531241759015
44.61766441687335
37.59851472513601
48.19765160880304
35.78735938557821
32.646132684382174
34.24159106328275
21.227928388751657
33.007602128541954
15.598474073820242
42.678635983591036
-32.70456094308595
44.73890554718791
17.03027722970741
-49.102298823640524
26.225665891643672
45.86632239882356
-65.09854781909326
29.663953056220496
36.371840037048464
-16.948283612742824
49.1372480926243
50.0
5.01812534347436
-19.21035178713869
-27.727476742983164
32.76229820875298
34.74075661846208
34.30029535647317
10.207759141298204
41.826830410924074
39.99303305099747
8.406033172081898
-30.211891779467393
45.668464887446
43.68170892292676
42.47366602964708
-23.79927537049519
40.25737322728386
-39.257891906507005
-62.19454868547397
42.343292233100776
-32.98919036791864
28.8981922592965
-68.16164573011508
-40.71376200259578
-0.13919212675186543
-30.414138279805517
-13.096819883928937
48.61708412158475
-45.472980970897474
-33.75081639241301
-47.53410854747764
-42.74518055967632
44.20622693436461
-96.26034868885922
-13.72763227288197
36.15295260545339
44.462864081908535
-24.81503477841327
-43.026507046067834
39.11859411536205
-58.016392107105624
-103.67325900659453
42.89467341246622
-32.59830425269155
-32.328163355489366
-4.3213418074631065
-28.492171331486517
29.830524271088493
24.711266027339132
39.50935525674167
-66.66099970858222
4.9606682005844505
47.790726800416785
43.12838522005219
-30.160302311823582
-54.229192140484116
40.149803041536096
-33.803360380445206
-34.589261559141185
-39.8465234873798
-49.1217287105421
48.24147769591348
-34.791569543266895
-41.87537031004534
-40.62827162340656
47.25317916811662
44.85136313766279
-62.52789650398733
-38.1078351277322
-35.32852324568355
-40.564195322958135
-52.69636118020699
32.61195591816659
-46.133436452068594
-27.49747196563563
25.554088673791274
-45.03508712075361
42.810848944301384
-42.051203762549726
-32.67247022203539
-70.68317268842225
-36.25515664193739
-40.66135454686349
29.148540055223368
-40.07172884220186
-37.27569766981069
-76.2145665795886
34.10431052378072
20.53911231894443
-59.18933802726764
29.294562754808656
-8.309206855128707
-32.75569627053205
-23.493916548660582
-44.78646676364437
-21.627872241154623
-38.41758772186359
-33.4097122443125
-54.387798220512266
46.54212663711274
45.10199022305423
46.073282199642236
45.43814869130584
41.0546992474674
21.951113961592853
49.735949992293605
21.32543449942244
21.63891085762731
-2.814263223021449
45.615764239808804
43.48731079467145
34.15757539197122
-24.289756703208806
15.55926240310032
46.56904539228665
-26.978600187614934
-24.71259979587859
47.94519846762078
31.938108132394575
36.79951382082491
40.60246864120119
32.480570818925194
-35.970906456204425
-69.56751434909557
-34.438482456851936
27.584997654779336
-39.57212960619776
-78.61055475558479
-31.254038568681842
-31.614561617177458
31.36909775552411
-35.91687508384741
20.165188809514333
-47.66603006641665
32.40108335778993
23.60906982759506
46.51696355036121
-29.04198130022701
21.946382396106383
38.72379425768623
22.60029942381359
48.595202642112
34.787140656453
21.06728825836247
30.28634090780459
46.08516453903736
-15.160660789613416
8.29133279468575
33.61274407020139
39.12963239793068
41.85182062836418
49.765173755893734
29.789098222900748
43.617312953537706
30.35926652724966
40.35316657134564
36.36573805137513
49.85738669021454
48.351784101312425
26.235043940690556
48.22465800787674
10.086306046181086
47.07734261179455
34.51011962007573
6.548468858049901
-18.300745244844208
34.63121834583953
27.026629859367496
15.548399592643506
26.28944017025618
30.935759918159956
-21.39969705922516
31.065684035436817
38.32469507522253
37.476131648999356
1.582519168979232
33.87749951669713
46.18715978227706
49.286676495028495
48.75079262209725
43.938122012229485
48.23091286422764
35.5317251951543
20.600628540511604
49.279992124361065
-18.736534903143436
23.210798344509566
46.64570376564423
20.75368402521736
43.501966960733576
38.408888961034826
47.12291964894585
41.087850666079696
44.56202566619925
8.844977004571852
28.17312690255646
25.459772800897323
38.76489851478658
44.18202628349333
47.40338664343353
47.46677709402561
42.33555279217085
49.02055155394574
21.30603439401983
43.2131614516872
31.14982767828897
36.95516236842192
29.0588088332474
27.378054038220142
49.589196618276674
-14.518947233838645
43.79388960739105
6.48408994027448
36.742801227337296
42.31537674446425
34.02865692902325
40.73399101443785
38.65636169587764
35.028109379840465
34.347976146953194
49.33830229409023
2.376217259540155
8.879402133676791
37.32292257424969
43.918581129792585
42.56207056788989
46.21803921138648
39.976726275442765
33.84393755919332
12.036050632330124
13.091102712166851
18.865069729032363
1.242312486912006
-61.329492214625475
