-347.1620232142858
-407.70152571428576
-414.57718928571404
-316.20602499999995
-341.82385892857144
-377.3230000000001
47.11875714285714
-307.27926249999996
-276.76784642857143
-337.99647142857145
-472.49802642857156
-210.02082857142864
-415.82692142857155
-224.0172303571429
-264.4261785714286
-368.5086607142859
-216.7784464285714
-391.43086428571405
-289.30175178571415
-422.0153267857141
-210.7162253571428
-289.48875000000004
-315.4518892857143
-286.46424285714284
-295.09902142857146
-225.5005131785714
-243.36193214285717
-235.1987414285714
-259.1149508928571
-243.5435178571429
-316.64188214285724
-205.27715000000006
-425.18169928571444
-351.8587607142858
-311.614725
-291.8015407142857
-260.5230857142857
-459.1891199999999
-396.77937142857155
-338.5269499999999
-279.0495392857143
-248.37
23.694891607142853
-326.32708428571436
-329.80214999999987
-292.5748910714287
-224.9680446428572
-217.27210714285718
-455.9583303571429
-166.7607732142857
-223.7359285714286
-204.3064642857143
-349.8675910714285
-299.3183660714286
-375.6471267857143
-330.75397142857133
-367.39892321428573
-281.0373714285714
-296.45286428571444
-299.6543182142857
-454.69569285714283
-302.47111964285716
-284.6904499999999
-381.71041071428573
-432.4715400000001
-195.31792857142858
-318.96929500000005
-192.26438214285713
-157.58087142857147
-319.58139642857134
-267.4777142857143
-281.3986535714285
45.027583928571424
-258.4168214285715
-327.5951499999999
-243.4831196428572
-227.45402142857145
-351.6511299999999
-225.62364607142865
-359.47555714285704
-267.74280000000005
-393.1037167857143
-284.1521785714286
48.901514285714285
-232.04856249999997
-376.69285
49.84491964285714
-311.3257673571429
-211.27877678571426
-131.84200535714288
46.49565714285714
-183.66846071428571
-367.52027857142855
-262.35416785714295
-202.66174142857147
-156.94195714285712
-217.75587321428574
-380.1212071428572
-165.74723571428567
-296.19940714285707
-188.95121964285713
-221.95213035714286
-275.9711357142856
-312.88850178571425
-312.1831928571429
-267.6572571428572
-425.03085671428585
-271.93608035714277
-386.9505392857142
-188.50243928571422
-168.74930714285713
-349.49157142857143
-302.19709285714276
-251.1117660714285
-147.7238625
-216.90219107142863
-259.23058571428567
-199.74041428571434
-282.9025096428571
-267.0610489285714
-262.1754160714286
-192.9108571428573
-145.97553607142856
-156.45565178571425
-215.918994642857
-274.905975
-88.40319285714283
-145.8771410714286
-419.0166642857143
-299.35099999999994
-403.24409114285714
-150.1114750000001
-201.29703214285718
-368.2632017857144
-119.12486250000002
-262.35414821428583
-205.04925892857133
-237.52642142857152
-202.3834017857143
-87.41597267857142
-204.35883392857127
-122.89723035714286
49.750392857142856
-225.01952857142848
-86.09541428571424
-151.9441053571428
-222.86640714285707
-174.7707988571428
-110.6724989285714
-299.9520624999999
-227.7021767857143
-184.35621071428574
-247.44912500000007
-53.85771071428573
34.90960357142856
-121.52491821428563
-180.64406785714283
38.35163035714286
-260.5766964285715
-93.4823089285714
5.656221428571406
-102.15292500000004
-72.6323696428572
-157.24641714285713
-217.40736607142858
-214.37770892857134
-154.80493214285715
-63.30532857142856
-54.13129000000002
-254.4100928571429
-64.5993857142857
-132.29709464285713
-250.57909999999995
-205.64220178571432
-74.72331071428569
-81.18915535714287
-237.01421071428567
-122.91670892857138
-144.31070714285715
-99.77482857142857
-156.6429678571428
-90.0663123214286
-77.68461607142855
-173.86706428571438
-107.57937428571421
-94.40628750000002
-119.63735714285716
-163.58187714285702
-110.25826250000009
-92.00437142857142
17.175972499999993
37.499992857142864
-73.78100178571427
-133.97655357142858
-56.24558392857144
-72.67602142857143
-76.12428750000001
-165.23325000000008
35.576164285714285
-86.44215178571429
-64.77182607142859
-119.38762678571433
-171.65162142857147
-104.97721428571433
-125.2590767857143
-86.51033035714285
-143.45593214285714
-308.6599642857142
-84.47377607142859
-145.43600535714288
-121.71711357142865
-212.90005000000005
-248.2900125
49.24479107142857
50.0
-81.63132500000002
-105.7368191071428
-284.26076249999994
44.33507142857143
-179.9179596428572
-166.8975446428571
-242.7113464285714
-271.7725285714286
-93.10395821428573
-223.0871535714286
-88.99447196428574
-86.96581392857144
-177.68066071428564
-193.56608571428575
-88.23683928571431
-145.82912499999992
-177.22489999999993
-115.92694642857141
-131.41705714285717
35.90054
-157.9279071428572
-114.7882410714286
-81.23870714285721
-90.02771250000002
-103.77001250000005
-153.7715732142857
-120.77430357142856
-153.82453214285712
-108.62153392857142
-66.41088392857145
-112.66629249999995
-76.48951071428569
-85.76582142857144
-145.45619892857144
-194.1594160714286
-64.72892857142857
-87.96101071428572
-96.42332142857143
-128.86405892857144
-94.44519285714286
25.159637499999995
-116.01415714285714
-85.95310714285716
-117.89615714285718
-68.9879542857143
-87.0024121428572
-96.41558928571429
-126.43453214285718
-48.13708428571423
-92.45100357142859
-78.43982857142855
-63.31696607142855
-41.87788928571428
-46.14027321428569
-77.95820714285716
-60.09861428571428
14.015901785714291
-76.72734107142861
-43.80519642857143
-97.43957321428564
-112.18033035714289
-96.93982053571435
-72.81349107142859
24.650308928571423
-88.92154017857138
-52.46121785714285
23.362368571428572
14.592410714285691
-74.5495039285714
-63.69090357142858
-110.50099285714283
-58.77834642857142
28.147805357142865
-65.9923321428572
-107.3732982142857
-61.03130892857143
-117.96693214285712
-54.93621835714287
-113.81509642857141
-54.1161196428571
-40.813353571428564
-64.14356785714288
-80.08421071428572
-84.41682321428564
-1.9480857142857175
-47.41608571428569
-47.827690000000025
-111.01669464285708
-62.97731785714287
-29.816150000000032
-115.6389428571429
-70.39649285714283
-44.27912857142854
47.73865178571429
-111.86589464285713
-49.013124999999995
49.64261428571429
-98.67243750000003
31.876492857142857
-120.88718214285711
-117.4533910714286
-54.81564642857139
-55.720385714285705
-94.77646785714289
-83.27445089285712
-106.98727499999995
-57.7251642857143
-72.67095178571424
-74.65338214285713
-104.39660892857144
48.509526785714286
-105.31822321428574
-111.15737971428574
-40.450841071428584
-60.53248571428576
-83.44112678571432
-91.8975910714285
-92.75093214285717
46.543639285714285
-44.42827142857143
-72.90639464285718
48.06834285714286
-76.5048303571429
34.582926785714285
-94.235675
-82.31151071428572
42.661742857142855
-115.32188035714285
-83.46190357142856
-140.73612857142857
-47.43915357142855
-43.283726785714315
-79.4641642857143
-44.38335714285714
-43.27956785714285
-98.43504642857138
-129.95845
-76.65735
-63.21264642857143
-149.84011607142853
-123.71861785714293
-90.13980035714286
-90.02663928571425
39.340508928571424
-138.14113571428567
-111.33278928571426
-108.62201964285714
49.15935
-103.94175357142855
13.24216607142855
-100.47316428571426
-56.2399307142857
-71.91711392857141
-60.871626964285696
-92.42211607142858
43.32203392857143
-42.651864285714254
-103.94542499999999
-67.14373107142855
20.78284285714286
-72.31218928571433
-65.52854107142859
-112.79728392857145
17.92080607142855
-59.491094642857135
-119.19400000000007
50.0
-74.72353750000002
41.53661785714286
17.320359642857134
-72.19197857142858
-75.0494017857143
-93.82630357142865
-53.553798214285756
-110.58303214285719
-49.49548214285714
-91.64546857142854
-37.67555892857145
-85.61716785714287
40.18810357142857
29.580676785714285
24.85349285714286
-30.619783928571458
41.18672857142856
15.483664285714305
-67.62725892857144
-57.525501785714276
-116.16085357142856
-48.96509999999998
-150.63054821428585
38.98077678571428
35.73311428571429
38.42408571428572
-69.092125
-60.88033357142857
-84.78510178571428
-38.10806535714286
-41.70902321428571
-42.78704821428574
-152.26543392857153
-48.254896428571385
-87.70346599999996
-106.21871250000001
-69.71608660714287
19.78230892857143
-127.76089178571435
-1.0041428571428384
-67.56706035714289
18.22019464285714
20.701333571428577
-52.43865714285712
34.68604642857143
-99.92361071428583
22.093123214285722
-68.55824464285715
-80.84649464285714
-110.4736446428572
-40.97737321428575
-88.92445178571424
-129.01532857142857
16.355199999999982
-104.49405357142855
-44.27784642857145
19.645517857142835
-90.46660178571427
-39.82463571428571
-77.05748035714284
47.23254642857143
-47.27703750000001
-93.24782214285713
-64.55630357142859
-135.02968214285713
6.3541196428571425
-69.51454392857148
5.013903571428578
-67.40174464285715
33.577875000000006
39.81750892857143
3.977578571428573
-45.157096428571435
-85.52301785714288
-95.3342410714286
-71.18621607142857
24.37685357142858
30.34846428571427
-116.03311428571426
-118.67135142857146
15.206939285714284
-66.77467250000002
-57.7365592857143
50.0
-56.016025
35.70244285714284
-50.064598214285695
-130.10432678571422
-101.7888071428572
20.527837857142856
-120.36553035714287
-1.4462491071428332
7.325855357142856
-43.339651785714274
-66.91230535714286
-110.3974964285714
-73.9883042857143
10.986741071428568
-59.87913928571432
10.62815357142859
-53.08241250000001
-137.0752642857143
-40.827098214285705
-73.67665357142859
-125.28177500000001
-65.82673750000001
-49.27903749999999
48.34547142857143
-84.02220535714287
35.01435357142857
-149.85070535714289
-59.041108035714295
-69.53979285714287
-58.70493750000001
-121.94390178571426
-71.85621607142856
-89.43385892857142
-49.5564785714286
-85.39089107142857
-43.17408035714288
-53.56497857142859
-41.43641607142858
-41.12673571428571
-81.81663392857139
-54.82419428571426
-71.09180535714282
49.107392857142855
-96.13652678571421
-86.44299642857142
-50.603069928571415
15.413519999999984
-39.178698214285724
-61.32228357142859
-115.2773092857143
-136.38849642857141
-127.54603749999998
-66.4295732142857
-83.91102642857146
-86.16382678571425
-110.82041071428574
-64.75276250000003
-85.71203749999998
-83.18842678571427
-51.89710892857147
-59.093623928571446
-73.7093994642857
-69.48775035714287
-65.63356964285717
-129.84721071428572
-64.64867499999998
-80.34202678571428
-150.46141071428576
-75.06213035714285
-97.75309285714286
-128.30626071428574
-151.68833214285712
-144.2748642857143
-151.31306071428563
-95.44239821428573
-104.80095357142856
-142.90481071428573
-104.1578285714285
-131.86406607142854
-106.91786964285717
-186.1108660714287
-88.2018660714286
-117.79310357142869
42.18344642857143
-141.64313392857142
-130.38206607142857
37.08451714285715
-81.23925867857142
-146.73850714285706
-92.59385892857141
-87.20557678571427
-72.98862142857148
-137.71539821428573
41.271125
-93.05745178571424
-90.3181164285714
-50.7146392857143
-51.743419642857155
48.02084464285714
-50.99687857142857
-35.99161071428571
-99.17345535714286
-84.86976964285715
13.042655892857127
-34.69024642857142
42.49126785714285
-57.57180535714285
35.610935714285716
-105.53856785714297
-56.57534071428571
-63.37635714285716
-89.51051964285712
-42.9272319642857
-67.28647500000001
-170.72116785714283
-43.757674999999985
-188.85928750000002
-60.35476857142858
-193.08884285714294
-142.4235392857143
-168.07547321428567
-54.789573214285724
-75.39261607142859
-77.15441285714287
47.662171428571426
-55.79706250000001
-115.21367678571424
-121.43505178571425
-173.9337749999999
-61.53520178571425
-92.26127107142862
-74.38540178571427
-144.38568392857152
-210.6976374999999
-73.6920303571429
-55.194575
-167.15510678571408
-57.70115892857139
-52.74698571428572
-68.8703
-81.091125
-72.52472178571432
-88.00586964285715
-45.63978928571427
-90.58252321428566
-36.26006607142857
41.577637499999994
-85.55919285714285
34.60361964285714
22.296180357142866
-104.94141607142862
-76.04194107142855
-63.01834107142852
-87.27953928571428
-42.578485714285684
-57.572513214285685
47.13858571428572
-52.74172142857144
-114.21004285714291
46.14689642857143
-75.15084285714283
-94.58220357142861
-101.68031285714281
-106.19882321428577
49.35751785714286
-81.08008535714283
-76.53811607142855
-89.41767678571433
-132.4708125
-84.95358499999998
-94.56736250000002
-118.62938035714289
-96.89470357142856
-100.23666428571424
-137.8961875
-153.71736464285715
-100.00782142857145
-100.63045892857141
-103.26934821428567
-112.61945178571432
-144.25275892857147
-140.57873214285715
-103.40698857142857
-128.86592857142864
-111.76387142857143
-122.18447678571428
-108.19565535714285
-108.67512321428573
-159.59437142857132
-105.88196071428577
-96.61879642857147
-138.3083857142857
-141.83794107142867
-135.56016499999998
-118.56664285714284
-74.16570357142857
-99.08680535714284
-69.73030535714284
45.194692857142854
-62.97272321428569
-77.56783035714285
-96.57866428571432
39.05617410714286
46.13642142857143
49.543526785714285
-60.926919642857115
42.03796964285715
36.380641964285715
-95.55643214285713
-61.266401607142846
44.36508035714286
-112.60061785714282
25.451839285714286
-64.16929821428576
-112.71704642857135
-57.970794642857165
-67.9155478571429
43.3615
-59.054128571428606
-80.70540767857148
-66.33927500000003
-62.53249821428572
-73.74635892857148
44.5409
-114.61097678571424
-162.84308571428576
50.0
45.253839285714285
-69.33525357142858
-60.58833749999999
-129.37272321428577
47.72356071428571
-154.1103660714286
-70.5783589285714
-102.87304999999996
-71.7342714285714
-158.72858035714293
-79.99655892857139
-87.53997142857145
-62.28861250000001
-67.54773428571426
-73.16451607142855
-78.01983732142855
-61.34680357142857
-72.44765714285718
-94.23170357142855
-61.59176607142856
-64.52772178571422
-66.43611339285715
-74.77464892857135
-47.62644107142857
-48.252119642857096
-44.99916071428574
-61.230803571428574
-44.87812499999999
-51.39840892857144
-98.90913357142861
-32.00264464285716
30.87390428571429
30.007462142857147
32.842521428571416
-54.07231607142858
-31.649237500000005
40.58922678571429
-34.98200357142858
45.92532857142857
-44.7180232142857
-94.69719464285713
-53.97093214285713
47.857441071428575
-84.00928214285712
-106.97240357142857
-67.39917142857144
-72.61588285714286
-88.2742696428571
-101.59832321428567
46.813517857142855
-105.47108571428573
-95.74644642857145
46.098417857142856
-157.57542142857136
-126.73305892857141
-155.6985696428571
-153.06546607142852
-104.8825696428571
-142.49563035714283
-104.2978594642857
-156.20654821428565
-124.42530178571425
-142.19255357142853
-150.79485178571423
-113.28899267857145
-114.19682678571426
-105.58094732142855
-121.13968392857153
-152.08509107142865
-133.00041249999998
-137.46394107142854
-114.10765357142863
-114.52368035714281
-106.60398392857142
-93.49272321428575
-140.67650178571427
-109.91373928571427
-126.33439821428571
-110.71306428571431
-86.47707678571435
-84.6583607142857
-88.52383035714283
-70.69395714285714
-59.53768571428574
-59.91280714285717
46.9186
-63.034683928571454
-54.9000628571429
-66.49905892857146
41.35080142857142
-47.287642857142835
45.64705535714286
-33.30992857142857
-27.720603571428587
-38.172094642857125
21.32986249999999
25.26701071428571
29.520633928571435
44.139250000000004
30.353507142857147
27.103835714285708
24.020357142857137
31.9546717857143
18.86551785714286
25.350630357142865
42.52327142857143
-55.7107992857143
-53.45613035714286
-56.52061250000004
-49.227978571428565
-50.62564285714286
-45.87797142857144
-48.754983928571406
-64.229575
-80.41198999999995
-67.55605285714287
-67.76778035714288
-67.5986642857143
-64.69618214285714
-81.34052678571429
-74.39495714285721
-70.72335892857141
-59.43163928571431
-52.35193214285712
-64.84934107142855
-72.37069857142859
-54.53458214285712
-48.928432142857126
-65.30178714285712
-80.70399642857141
-44.496967857142856
-49.61630142857145
-55.19233428571433
-49.061783928571415
-48.32526821428573
-68.54826000000003
-48.91111785714285
-46.753244642857176
-60.93758035714284
-63.706747142857154
-48.66556428571428
-58.310158928571425
-51.85580803571429
-48.06088392857143
-57.901140714285695
-36.9117732142857
40.89357142857142
41.106300000000005
-35.444167857142844
-35.178448214285694
-42.50247678571429
-43.7202607142857
16.200180321428576
-40.46019821428567
41.41038571428572
-41.49735357142855
-54.72659642857143
49.92942321428571
-52.29755357142857
-60.24119285714286
-46.586857892857125
46.1011
-64.39590714285713
-64.33834928571429
-66.66130357142858
-60.914966071428566
41.183485714285716
-55.04266428571432
-58.04295392857141
-74.46008928571428
-70.03514821428573
-70.66525714285714
-55.44791964285716
-58.91180357142857
-57.29455178571429
-68.82019464285715
-50.41118750000003
-52.252571428571464
-55.395337500000004
-69.47080178571427
-62.99295892857142
-47.653089285714294
-45.42639821428569
45.994189285714285
-64.70384696428575
-52.03172678571429
-77.70959142857144
-61.50957857142857
-72.68460392857139
-49.206449999999975
-69.8630471428571
-57.220515000000034
36.98541285714286
-65.07919464285715
-54.22354285714287
-61.75961249999999
-72.79911071428569
-65.80891964285715
-62.00871589285712
-59.36169642857143
44.81662142857143
-55.30336964285717
50.0
-58.63730535714289
-57.19240071428574
-49.11432499999998
-58.00475535714287
47.98867678571428
37.90139285714286
-54.91049571428571
46.0146875
-63.69582857142861
44.463298214285714
34.76316428571428
-53.82039642857142
46.74295357142857
46.72612857142857
-67.78822321428578
-68.27820892857147
38.44808571428571
-65.01199285714286
-79.4207267857143
44.39299107142857
-80.1518392857143
-89.17647285714288
-72.97150357142858
44.072985714285714
-69.80112499999998
-74.26140428571422
-72.27083249999998
-76.00048214285715
-66.69059642857142
-82.01951107142858
-62.60627321428572
-68.11524107142857
-57.02228392857142
-72.34602750000002
-55.353950000000026
-63.29596928571427
-61.379351785714306
-51.933630357142825
-65.61844642857137
-46.12186071428574
-58.045860714285745
-64.1782517857143
-47.88257857142856
-74.31539642857149
-53.68882321428571
-64.88165749999997
-65.14503392857142
-72.9587142857143
48.78868035714286
-64.42998392857145
-66.80011607142862
-81.43365428571428
-77.3933705357143
-90.79864107142862
-65.52046428571428
-83.36333571428567
-89.15326607142862
-71.97225000000003
-89.49594107142863
-67.49576428571427
-74.84757285714288
-79.77142464285714
-61.954046428571395
-64.64074642857142
-68.26127500000003
-56.23000535714287
-71.30129642857143
-56.96366428571428
-69.40617500000003
-62.310941071428545
-62.756962499999965
-78.59853392857143
-72.6428714285714
-88.87000535714283
48.06215
46.11496607142857
-78.02230535714288
31.345535714285713
-95.44137499999995
-86.28079642857143
45.72631785714286
-95.4863053571428
-86.13273749999998
-73.73844821428573
46.12
40.07795071428571
17.29779214285714
-77.70895037499996
-76.23359714285718
-76.82511357142856
-70.02386071428573
-78.77753214285718
-72.37567499999997
-104.51107321428579
-80.15747857142857
-70.1320767857143
-86.05449642857148
-75.04220714285717
-100.10736250000001
-66.8429071428572
44.472187500000004
-68.74144285714279
-76.81748214285712
-69.20802857142858
-58.728976785714245
-82.3822678571429
-62.497182142857156
-58.08724464285715
-60.29016428571426
-57.850599642857155
-58.744758928571414
-46.82376785714286
-46.28130000000001
-48.60106964285716
-50.45563928571426
-55.612413928571385
-43.59576785714286
-44.034774999999996
-53.576251785714284
42.277568571428574
-45.89679821428574
-45.34063214285714
-43.50601785714286
-40.02931785714283
-46.238476785714255
-35.9047232142857
32.170675
-40.7142964285714
42.87876785714286
-49.216366071428595
33.00026428571429
-54.19783392857145
-64.44165535714285
-68.36684464285712
-83.66074999999996
-63.19563214285716
45.510575
-69.70667321428573
-91.7289150000001
-73.44696607142858
-68.65692321428573
-85.3471557142857
-71.10225714285714
-70.32420535714286
-71.89267857142859
-76.21124999999999
-86.9246696428571
-69.03570000000002
-80.9718839285715
49.83897857142857
-66.65100535714284
-88.97076357142852
-70.48707321428572
-66.67135178571431
-76.0451753571428
-80.21328291071427
-79.97169428571425
-68.50361607142861
-58.3130875
-63.60543928571432
-61.264057142857155
-51.59520535714281
-54.928259999999995
-66.99984357142857
-65.30847107142857
-38.50979821428571
-39.21315714285718
-45.79774642857142
-37.38596250000001
-41.72548214285717
-39.06490892857144
-29.876948214285694
49.69745
-39.175894642857145
-50.178344642857134
-37.96369107142857
-41.274077857142856
-51.803037499999995
-41.94428678571431
39.63865839285714
-32.23656785714286
-34.479442857142864
48.69115714285714
-35.874319642857145
-31.28400714285713
-59.41909428571431
-43.849157142857166
-52.28331249999997
-42.749882142857125
28.810982142857142
43.076769642857144
-50.758116071428574
-62.71854464285715
-66.54722142857142
-68.2357142857143
39.71250714285714
-59.8882892857143
38.156147142857144
-78.26706607142857
-66.88780428571427
-97.97805357142863
-77.7644839285714
47.57535714285714
-69.58738035714285
-82.94217142857143
-67.32631571428568
-93.98285000000006
-75.01454107142855
-81.86941607142853
-85.28598928571435
-65.73101785714283
-65.30447857142855
-76.98555535714277
-78.69551428571428
-62.27721785714286
-74.27223035714285
-62.923998214285724
-53.077896428571414
-69.48086785714285
-54.55843750000001
41.562875000000005
-54.615087499999994
-63.36359285714286
-53.861971071428535
-62.88614821428567
-53.011224999999996
-51.76653392857142
-52.795263392857095
49.82978571428571
-51.792812499999975
-44.22165535714284
-51.602226607142846
-50.95816964285712
49.39125
-67.28058392857143
-68.20265285714288
-64.47329821428568
-38.22870178571427
-49.99837214285713
-38.35635892857142
-36.20897678571427
-48.6520839285714
-47.685323214285766
-46.81933571428572
-38.95893214285716
47.032896428571426
-58.087139999999984
-42.45091785714288
-40.62156785714285
-43.42376964285715
-50.78016285714286
46.888085714285715
40.4169375
-72.24533928571427
-57.47684821428573
-58.045941071428565
-71.4525964285714
-57.95960571428569
-57.98069821428573
-58.83510178571433
-63.41475178571429
-55.45193214285715
45.043171428571426
-61.871966071428524
-63.35557678571433
-59.318873214285716
-50.43124642857142
-57.60130000000001
-51.70877142857141
-52.06874464285713
-55.93882571428569
-51.03725535714287
-66.36063392857145
-41.044296428571435
-48.77975535714287
-49.01486696428574
-36.4767642857143
-33.8647732142857
-42.52111250000001
-46.693591071428585
-36.9520660714286
-60.36134678571429
42.36085071428572
48.82204464285714
-58.03009357142858
31.102457142857144
-64.86914285714283
40.586148214285714
-55.03891964285714
44.959919642857145
-59.786233928571434
-62.48021607142858
-77.14381428571429
-69.56855000000002
-81.02875714285712
-69.87759642857144
-70.67665767857143
-74.63620178571429
-77.93892678571432
-77.92266428571429
-78.6856778571429
-83.60417142857143
-82.39767321428575
-78.95469107142858
-88.0295532142857
-87.72069642857142
-101.075775
-92.82320625
-107.05230928571436
45.9508625
-108.21941607142857
-118.87471250000002
-113.20594107142861
-122.96791964285717
-126.78836071428574
35.63400142857142
-137.10890357142858
-136.70129107142853
-114.00061249999999
-140.7281642857142
-110.01508178571434
-114.21820535714288
41.69444285714285
-130.58351428571433
-140.05477142857143
48.80225
-121.49277142857134
-127.89672500000002
-98.34140589285715
-113.57631428571428
-108.67243214285718
42.77426964285714
-106.99662500000008
-99.20999642857143
-104.72684464285706
42.5349
-97.36832321428568
-90.90251678571423
49.538560714285715
-98.2124928571429
49.56904464285714
-70.12908928571429
-85.20032857142857
39.59657464285715
-62.66228035714288
-73.42391964285717
-71.38202178571426
50.0
-66.1741
-50.717282857142834
28.88871071428571
-57.908289642857135
-40.235801785714315
-45.846423214285736
-42.23277857142855
14.863867857142864
33.175524464285715
49.723641071428574
1.239551428571417
44.56227142857143
47.260371428571425
21.618545
36.45017857142858
32.3078607142857
42.87503928571429
27.728228571428573
25.82014071428571
42.92627857142857
24.111745714285718
36.213194642857125
34.94677857142858
9.531211071428572
45.162998214285714
27.36764285714286
29.190821428571446
29.169842857142843
37.35125142857142
-36.29217500000001
-44.85755892857143
-46.260737500000005
-45.25250857142858
-39.68030714285715
-38.407414285714296
-30.627935714285687
-39.65898214285714
48.55404285714286
22.47596571428571
-51.55198642857141
-34.494728571428574
-29.531703571428558
43.582589285714285
-35.719271428571425
-37.48411607142858
42.45307857142857
-38.078141428571385
45.674162499999994
38.04493214285714
45.42409821428571
40.47965714285714
42.31624285714285
22.53690892857142
36.30171785714286
-48.93239714285712
-33.892939285714306
38.667185714285715
43.463189285714286
34.59809821428571
-33.45406964285713
44.80523214285714
46.99908571428571
36.69947857142857
30.805408928571445
49.3994
33.518125
-25.81861785714286
27.051011428571442
47.498357142857145
40.70449285714285
24.523783928571422
42.09829642857143
-27.14410178571429
34.44587142857144
37.50704999999999
-26.186960714285725
32.95452285714285
-30.646235357142857
34.02547857142857
46.24285714285715
38.666628571428575
32.62316089285714
32.85198571428571
27.110691607142858
21.73368750000001
48.76060357142857
44.72387857142858
32.89480178571428
45.81558928571428
43.80582142857143
45.16968214285714
48.9882
26.289157142857142
36.45960357142857
44.19440357142857
40.69699464285714
44.24895
46.61774642857143
11.264100000000006
23.872466785714277
47.93125357142857
-36.38443035714286
31.270914285714287
-42.32351785714286
-56.66474678571431
-44.66812499999999
-44.99118392857142
23.178918571428575
-39.93897857142855
43.892991071428575
-43.87298571428569
15.285539821428557
-48.511173214285705
-65.67589821428572
-58.59598571428574
-58.65728749999998
-54.997125
-54.43975178571426
-56.97987142857141
-57.695233928571454
-59.83686607142858
-48.66708392857146
-57.74325714285713
44.02488928571429
-42.913801785714284
45.714017857142856
28.82940357142858
-45.8774375
-42.338489285714296
43.715892857142855
37.629849285714286
-38.072371428571444
-42.04316428571427
-33.57132142857141
39.22691785714286
-44.37448500000003
37.13110714285714
22.733666071428583
41.981857142857145
26.368045714285724
43.66096785714286
48.33128571428571
42.3805
45.01504464285714
49.581
19.95729999999999
-40.300626785714265
-44.2647214285714
-41.43608571428568
-38.13665535714288
-48.022951785714284
-52.42026607142854
-56.216241785714274
-71.47695107142857
-59.93120357142859
-64.27441803571428
-55.35371607142858
-58.20239999999999
-58.85293214285715
-61.55405892857141
-65.715075
-69.10946785714287
-68.16073392857145
-66.93548035714285
-71.15871250000004
-62.1652089285714
-77.95437499999997
-70.10161964285714
-71.6731285714286
-70.31764642857142
-65.58574642857147
-70.07602678571428
-76.37212678571427
-72.42595357142854
-74.63451785714284
-74.04197678571428
-70.65660535714282
-74.70025714285717
-71.64574464285712
-70.99855357142856
-68.08025000000002
-79.40983392857146
-71.93851428571429
-62.338633928571426
-61.3631857142857
-63.43299999999997
-68.98628500000004
-70.4043053571429
-64.87380000000003
-59.300003571428554
-60.121000000000016
-66.19327142857145
49.37961964285714
-60.51948392857142
45.60389642857143
-57.5487232142857
-58.33603035714291
-60.80580857142859
-57.33031571428571
-58.249387500000026
37.04554107142857
35.88676607142857
-42.664373214285675
38.586869642857145
-38.675782142857145
-39.04671428571429
27.784017857142853
-33.99947857142859
-33.60394999999998
24.02904285714286
-50.39331446428566
48.61189642857143
49.9485
-36.269900000000014
49.310855357142856
39.11446464285714
34.91835714285714
16.923537500000016
43.833310714285716
-42.6574732142857
-50.11435964285716
-40.40667142857141
-31.898601785714302
-46.57908750000003
-40.02232500000002
-52.20377321428573
-37.535071428571406
-35.20142321428569
-37.5285875
-32.799558928571436
-43.62614464285715
-30.493846428571466
-34.787889285714286
-32.06000892857144
-37.75098214285713
-36.280366071428574
-36.48344107142857
-34.97641964285709
-38.00151250000002
-41.0608857142857
-46.98484464285714
-43.3945125
-45.38476785714289
-47.09865892857139
-47.88455178571428
-46.666919642857174
37.98144107142857
44.96272142857143
-39.83153392857144
-46.65841642857144
-42.74848928571429
-35.825646428571424
-42.33429821428571
-44.14988214285715
-50.052344642857115
-60.83230285714286
-49.41968392857145
-51.02845714285715
-62.33293392857143
-55.72357142857142
48.645135714285715
43.29805125
-59.37781428571426
-54.65529374999998
-70.19588928571426
-57.52432000000002
-58.65278571428568
27.430865535714283
-62.822137500000004
-69.23859928571423
-46.35572142857143
-53.519932142857165
-53.71081071428573
-63.63005892857144
-53.70458928571429
-48.45535357142857
-43.45145535714287
-44.05834464285717
-41.9043107142857
-38.722605357142875
-36.46180357142853
-50.00341839285709
-40.45932321428572
-35.98948035714287
-33.00330714285713
-40.83958750000002
-44.134342857142826
-29.31435178571428
-28.735139285714283
32.515575
34.487607142857144
30.74968285714286
47.47055
32.97761785714286
45.57460357142857
31.94758428571428
25.866580357142862
40.99005
38.218580357142855
36.02981
16.896329464285735
20.864135357142853
35.74954285714284
25.676814285714286
33.31121821428572
38.121548214285724
38.36206071428572
41.8094
49.865007142857145
35.56116428571429
50.0
35.37074750000001
-39.27858392857142
22.818950000000026
-40.67336714285719
-28.084375
46.61962857142857
-38.76602857142855
-44.240013928571436
-39.951574999999984
-33.51054999999998
-36.55214928571432
-30.60772857142857
-27.51018035714287
-28.159450000000025
-35.15914285714285
27.56839178571428
10.645514285714285
-22.119475000000005
24.709160714285723
49.0128
29.415925714285716
33.30357857142857
44.49397142857143
49.1346
38.46546428571429
42.06609821428572
38.48388892857143
38.351180535714285
41.27114642857143
48.73956428571429
39.165107142857146
27.954458214285705
40.82288714285715
43.786517857142854
11.218772625000007
46.06814285714286
44.90227142857143
49.75145535714286
36.22594142857143
-23.32808214285716
-24.604199999999977
30.731439285714288
37.89490000000001
38.940664285714284
49.82929107142857
43.733153571428566
18.839208928571427
-35.46953214285714
-33.75611071428572
48.62894642857143
-50.330282142857186
-40.426316071428516
-38.37620178571431
-35.84466428571432
32.570839285714285
28.104210357142843
-35.593081428571445
-39.628217857142815
-34.81398928571429
42.509798214285716
-31.43062321428572
47.14183035714286
46.64260357142857
20.810386607142863
-33.42611428571426
-30.234562499999992
40.71442678571429
40.08751428571429
49.36063571428571
47.967373214285715
38.45561607142857
46.620267857142856
44.359948214285716
30.78928214285715
45.010639285714284
10.876551428571439
39.30702821428571
42.82839285714286
43.64156428571428
49.45716071428571
-45.33050535714282
44.68350892857143
-27.992487499999992
46.82201785714286
-39.66450250000004
-31.54785714285718
-24.80493035714288
45.8434
-28.94799464285715
-28.394805357142847
-28.133117857142857
-29.04329107142859
-26.886687499999987
-32.41775
-45.90998035714291
-40.71984964285715
-25.456139285714272
-39.14170964285714
-49.96191785714289
-23.664485714285707
-27.20219821428573
-25.911312142857163
-26.47014107142857
-30.50079464285714
-27.943442857142855
35.59293571428572
28.802457142857147
43.20871428571429
48.66296428571429
32.79570714285714
32.18305928571428
36.4739125
39.759169642857145
42.623555357142855
42.74341785714286
43.92895714285714
35.170567857142856
45.53411428571428
-56.99710107142853
48.019975
-38.138349999999996
-61.40987250000003
-56.878714071428526
-36.62931964285714
-43.982666071428575
-37.08447321428571
-42.6206410714286
-35.45632142857139
-49.62990589285711
-44.55521428571422
-42.40239642857143
42.39980392857143
-44.097187500000004
23.99186428571429
31.43674214285714
-44.37039107142857
-50.99627964285722
-54.286701428571405
-36.84952678571427
-41.00696607142857
-39.757028571428535
-37.42461964285714
-38.43752857142858
-43.43590535714285
-37.14840535714284
-37.24734999999998
-42.71897678571428
-38.09540357142858
-53.852949321428596
-34.17319642857144
-36.7270605357143
-30.94306607142858
-30.8680142857143
-30.52295000000002
-29.935710714285722
-35.63101071428569
-39.009274999999995
37.94627857142857
47.23062857142857
30.540848214285738
48.56030714285714
49.86282142857143
39.930625
34.815914285714285
45.69052142857143
20.148727142857144
43.895785714285715
36.64372107142857
49.30293928571429
46.267475
47.26407142857143
39.764849999999996
31.039064285714282
40.56405714285714
26.018701428571433
31.42974464285715
42.32248214285715
49.067614285714285
44.063003571428574
32.593475
-33.129973214285705
33.12092071428571
-34.601160714285726
-26.329344642857155
-29.74503392857142
-37.26008928571427
-30.607103571428592
-31.330744642857173
-31.802378571428576
-39.79929642857145
-32.263587499999986
39.50321428571428
-41.884742857142875
34.871451785714285
-47.42750892857141
-46.64821071428574
33.22510178571429
-44.10144999999999
25.21000517857143
-39.91659107142856
-45.76536392857145
-51.5223557142857
-39.52782499999998
45.95485714285714
-47.85175535714287
-37.039564285714285
41.57371428571429
-35.66404107142857
-42.58921964285715
-39.8539517857143
50.0
-45.01102678571433
-32.18712500000001
-36.34250892857144
-55.84421142857141
-49.56119321428572
49.937305357142854
-34.52182142857144
-44.26368250000005
-33.864097142857126
29.901617142857145
-27.885624999999983
-28.17338035714284
-43.7199782142857
41.51517142857143
47.03588214285714
42.97051607142858
33.060537499999995
34.887821428571414
44.14416964285714
34.31250892857143
35.761196428571424
43.09810357142857
21.731930000000002
31.93398571428571
39.339048214285725
40.01821785714286
43.47767857142857
27.052091071428563
23.832535357142874
-18.69856071428573
38.26031428571428
47.81981785714286
37.524821249999995
41.90847142857143
39.201299999999996
41.28308035714286
37.17589642857143
39.40206428571429
35.56678928571428
44.14246785714286
32.32063035714286
25.538369642857127
30.765528571428565
41.0571375
-28.292872500000037
-29.43243214285714
22.98893928571431
30.619605357142856
-38.011366071428554
-29.831000000000014
-29.93768035714284
-34.43744642857146
-29.988693214285725
-30.24563392857142
-52.603370714285724
39.94486
42.562864285714284
-43.3002571428571
42.46515357142857
-28.740542857142856
47.8541875
-40.990289285714304
-32.24921732142857
48.12623392857143
40.29402678571429
27.626883928571427
22.206485714285716
39.061616071428574
43.16895714285714
31.599107142857136
-28.02250749999997
-30.559744642857204
26.685699999999997
30.066367857142858
49.15477142857143
47.85881428571429
44.408342857142856
31.190905714285712
-24.570144642857116
39.34932142857143
-30.209132142857097
-24.071462500000006
38.516696428571436
49.54785714285714
43.58376607142857
-22.96565357142855
-40.12802428571427
42.33117142857143
-27.76596249999999
32.42680892857142
42.13428928571429
48.917232142857145
48.1369
-24.4999017857143
-23.384187499999978
-26.434046428571428
38.75152321428571
48.393564285714284
31.721874999999997
48.549257142857144
-34.23824642857141
-45.64285803571431
-31.480742857142843
32.08249714285715
-35.14688750000002
-27.669335714285708
-30.450262499999997
46.649092857142854
36.843785714285715
43.69344107142857
-27.91473214285712
31.5551575
47.6048
36.48285
-25.064755357142875
49.2368
33.43870785714286
-16.880433928571424
42.253455357142855
42.862525
45.8703125
46.953692857142855
39.564485000000005
39.844475357142855
-23.146807142857142
-28.476101785714288
46.21669285714286
-37.15205607142857
-31.097428571428537
-32.28569285714287
-29.238951785714296
-42.20257857142851
-37.35548750000001
-38.595282142857165
-41.77954285714292
47.48826607142857
24.17205535714285
-55.13093571428573
-54.422544642857105
-52.886942857142856
47.5390625
-61.40052142857142
-60.83037321428572
-72.1458089285714
-85.2195607142857
-62.583268928571435
38.35720357142857
-76.24474642857139
-76.85323392857144
-80.56966249999995
-80.90939071428578
-90.99676750000006
41.67612392857143
33.70088035714286
-79.1717625
-80.55760892857134
-78.18385714285715
-77.81108928571423
-78.47396607142865
-65.169425
-87.7045175
-70.12579428571424
-68.05506821428568
38.112296428571426
34.91456071428571
-57.26347857142857
-58.225655357142884
-54.83880714285715
-55.767794642857126
-47.960193214285695
-42.888764285714274
-48.11089821428572
-50.74517303571432
-36.87960535714286
42.43537678571429
-36.48754107142857
-43.014189642857126
-28.05041964285715
-29.55460892857141
-24.151366071428548
-48.39877892857138
-33.96059071428571
25.956857142857146
43.88262678571429
33.2579125
44.44123928571429
45.139185714285716
-23.539330357142838
-32.03177499999995
47.38428392857143
35.62985714285714
-38.08460571428571
40.32707678571429
39.56832857142857
-28.40626071428572
-33.3382625
42.83672142857143
-35.61327553571431
-31.531462500000018
48.05356964285714
49.266392857142854
38.23770357142857
44.254725
49.80005178571429
-48.27987142857144
-37.358819642857185
-48.60570607142857
50.0
-38.7865539285714
46.55977321428571
23.510803571428575
-44.82084392857143
47.60877142857143
-43.35623214285715
-35.64949821428571
-35.899294642857164
-37.041078571428585
-49.433227857142846
-36.86745714285715
-32.24138035714285
-48.21015464285717
-31.87424821428572
-50.049171428571356
-29.848196428571434
-36.47562107142859
41.59220178571429
-29.132694642857135
49.2211
43.136325
-46.934323928571416
-48.06268324999999
47.851085714285716
44.96797142857143
23.236246428571416
46.3132
39.69574107142857
41.718525
47.447964285714285
29.178699999999996
35.70997142857143
18.015820535714283
41.51918571428572
48.64091428571429
50.0
29.34302214285714
28.00225178571429
48.34822142857143
50.0
49.13648571428571
49.795067857142854
46.59840357142857
37.047044642857145
34.934371428571424
46.039028571428574
28.734192142857143
47.643525
44.785314285714286
45.829657142857144
31.44305535714285
43.04168571428572
37.623963571428575
47.789
44.417187500000004
31.797428571428572
-19.523933928571402
-21.012566071428587
49.47537857142857
-42.0226025
38.419855357142865
-25.866696428571416
-37.28105892857145
-32.06994214285714
-29.577135714285745
46.66200714285714
-31.318916071428596
36.44016428571428
-35.66277142857141
-38.760219642857166
-30.174744642857142
43.66380357142857
-28.899983928571444
-32.68043214285711
-34.52774071428569
41.550939285714286
-34.27447142857143
36.10193857142857
-32.217785714285725
35.769222142857146
-38.57108392857141
-35.282121428571415
-39.48181428571428
-35.25311071428572
-43.48072785714286
-39.109498214285715
47.865625
-43.454685714285745
43.565985714285716
-41.42179642857138
-45.09289464285719
-42.37187500000001
38.83612321428572
-51.21469250000002
-43.917162499999996
-37.35046607142854
-41.33716428571426
-50.96671392857138
36.63363285714286
-33.94888214285716
49.1987375
41.99921125
-43.171182142857155
-36.00340392857144
-30.604339285714296
-30.844850000000008
-28.951241071428576
27.346432142857136
48.48198035714286
24.381424999999997
9.497615714285708
48.862114285714284
29.503464285714287
35.49464642857143
46.537982142857146
37.992075
28.46819071428571
27.71475357142857
33.69069642857143
26.636067857142848
-30.462082142857167
-34.6997982142857
-40.393467857142845
-44.49011964285711
-36.43831964285714
44.83797857142857
-46.251630357142865
-41.69284107142862
-41.39116071428567
47.999675
-46.632663749999985
-42.01852142857142
-41.55721071428575
-39.6995607142857
-42.99666428571433
-43.93256071428573
-38.932837500000005
-39.72522142857142
-41.46392321428575
-42.69965714285717
33.79377142857143
47.56118035714286
-41.976144642857165
-38.18095178571427
-40.388966071428534
-35.97869464285714
-40.452517857142844
-36.54337321428567
-34.268405357142846
-36.97964107142855
-44.79874821428574
24.960835714285714
-40.11436250000003
-36.15163928571427
-27.426280357142865
43.67323571428572
-35.36322678571428
-30.49242196428574
34.00676071428572
-22.909539285714285
-25.404985714285697
32.88154464285715
35.060085714285705
23.52894821428571
46.963189285714286
21.265154642857144
22.34040892857142
49.35378214285714
35.617069642857146
41.635803571428575
25.533128571428566
36.289182857142855
32.86756464285715
47.11826964285714
42.8265
49.865225
43.89116428571429
29.107305000000004
40.87996607142857
32.938125
31.00183928571428
44.31257142857143
41.87831071428572
-30.01990000000001
-32.33016035714285
47.753
16.321581928571426
46.26048214285714
43.69293571428571
37.862359642857136
-36.13147500000002
29.553880357142855
-38.52906071428573
16.784734642857146
-42.80936249999999
-44.56678392857144
-45.86714107142858
-48.6373839285714
-54.77569749999994
-51.60770892857148
-49.37365892857145
-47.70048214285715
-45.951785714285684
39.57640357142857
-48.963166071428574
12.248637214285722
-49.847378571428536
35.545140714285715
-51.14205535714286
-44.28777857142855
-53.95376428571427
-45.51777142857147
-50.292964285714234
-44.12387142857147
43.166223214285715
-49.45361249999997
42.30664285714286
-43.181985714285695
-44.846725000000006
-38.20343392857139
-43.146980357142866
-37.44098928571426
-42.17745892857148
-39.23080892857146
-41.83644821428567
-31.483046428571424
-31.268485714285728
-29.86695178571429
38.492153571428574
47.282785714285716
47.631794642857145
20.703991785714294
36.174907142857144
41.66291428571428
44.26441964285714
45.51394285714286
41.02827142857143
42.64295
49.522464285714285
30.084144642857144
27.844319642857148
43.08474285714286
16.672449999999998
32.16207321428571
44.78667142857143
43.23672321428572
46.56021785714286
45.402767857142855
43.06388928571428
41.7441125
20.095240000000008
44.57410535714286
-33.95232142857147
43.38027142857143
45.0471
40.179025
24.427342857142854
-48.36599285714284
-33.19357142857137
-27.47984107142855
-34.7101619642857
-32.59256785714284
37.774196428571436
-24.385742857142873
-40.3377053571428
-29.549642857142814
-31.24761750000001
-41.904280357142866
-28.042641071428534
-24.14312500000002
38.584025000000004
48.660983928571426
50.0
33.89232857142857
47.57642857142857
41.9374
42.66668571428571
46.88377142857143
40.73425821428572
48.18654642857143
32.045912857142866
26.140607142857128
44.14022321428571
18.27893071428572
-31.787832142857106
17.42006428571429
44.618071428571426
48.632392857142854
34.7317525
43.93687142857143
43.194832142857145
45.69647142857143
35.91167142857143
41.34187142857143
50.0
48.379939285714286
41.12690714285714
42.448657142857144
46.706357142857144
44.09223214285714
36.311435714285714
22.214019999999998
31.839141071428568
33.356542857142855
49.69892142857143
42.353832142857144
39.01097500000001
49.72080714285714
40.4337375
46.075289285714284
30.161514642857146
36.82301964285715
40.77925357142857
49.38321428571429
45.35301785714286
34.65156071428571
49.07024285714286
38.551267321428575
34.40302142857143
49.75884821428571
45.30618571428572
24.79472857142857
39.89346785714285
43.81035714285714
46.74046428571428
41.66141785714286
42.40521785714285
48.99324285714286
40.959778571428565
49.603435714285716
38.922875
33.74890357142857
18.52946428571429
47.4574
46.31010535714286
44.09907142857143
23.681826071428574
31.78845535714287
49.71957857142857
41.519828571428576
35.14125
46.12987142857143
32.143601785714296
38.664378571428564
49.158725
21.02553392857143
-29.886770714285696
41.31777857142857
36.419866071428565
38.73603035714286
44.321214285714284
39.73571428571428
49.04134285714286
39.04137857142857
38.40314464285714
47.78500357142857
45.78075
39.10462857142857
44.926092857142855
24.746880357142857
39.82160178571429
41.623671428571434
39.87359464285714
45.66626607142857
50.0
40.13037142857143
11.740147142857147
32.58624285714286
27.38734714285715
29.452217857142855
23.14277142857142
30.99126607142857
47.829117857142855
33.12573071428571
13.352531785714284
48.94753035714286
41.050842857142854
48.17903035714286
37.31857142857143
42.49719821428572
38.037455357142846
35.92005714285715
39.149385714285714
32.64471428571429
40.71308571428571
