-286.4417734048626
-424.7003793010911
39.44880206804096
-267.81683495010316
-392.3205934654777
-188.44161552316203
-231.15788059500733
-180.73300882242955
-264.75146831345853
-179.15299984452224
-434.92357244546986
-205.8127955881711
-88.47538741274063
-181.41296979454407
-172.18099636641978
-179.76533812768147
-165.9819648179483
-308.5573167884055
49.58365852297462
-236.04440163912167
39.22037313994535
-354.9889265940923
-271.075085028718
-366.0314697651864
-261.4518879866254
-269.55280630283437
-361.2239230294367
-126.4885170184339
-157.78586850170055
-98.87086084016207
-108.40798562143789
-267.439502457014
-381.44463748736774
-209.39872157813426
-236.20563900861276
-138.9001420281013
-214.5631395012444
-276.62313583165087
-259.53059215980966
-154.42822824527016
-244.19043161911867
-171.17580805359904
-230.00895740601138
-315.05658478639475
-191.01586322069295
-199.61397985356797
-342.6190786448769
-225.8960118676648
-200.82665306108842
50.0
-262.9510625855855
-124.80438422915255
-193.92874909548397
-251.34329391188442
-79.66718846341398
-144.57102698710017
-175.28097962439836
-61.64040958197131
-91.2941671312011
-277.6842334759934
-47.824407902934404
-107.11805273219288
-272.8491853301163
-273.6918164981349
-232.62206002252773
-202.9495721252653
-157.58632196484126
-182.54387513614247
-57.523052928778476
-79.1558871274766
-140.55995184460355
35.732775854534715
-257.018049025871
-350.2828951029258
-196.87854246152526
-332.86623071825557
-133.91134567924408
32.51229579257905
-413.7081866886509
-293.00231375935385
-245.91167196174598
-210.41117714710856
-266.99174538527376
-242.48344692993345
-309.5872233897051
-83.87966630156781
-241.5294683404436
-98.28107339672435
-109.15381310105728
-213.15871806153237
-392.55278917184654
-156.33135094966912
-362.20161838215705
-207.43714950323007
-204.4758299442617
-112.5801961000462
-290.50949929931653
-105.68080466187962
-275.7500254756509
-125.1804995723861
-271.75962206580846
-256.6229024563666
49.64256467288171
-332.94314306097243
-193.90780236760554
-71.61375812223324
-176.03550921837223
-173.97016654903848
-43.349386014127305
-182.028128203182
-159.88467638661575
-200.84889666414938
-136.1105715603818
-230.8105544698388
-319.8927560632106
-236.6486628125325
-69.09349336196317
-318.59579088610246
-98.84989594367862
-144.40611045045955
-179.9076902609536
-83.78397031116492
-305.32097847324275
-134.21839235134112
-238.11970348372435
-225.1830672025201
-299.14322610027745
-327.21173136950335
30.020106329552128
-143.72848574192392
-106.55849903532993
-284.4458503445204
-205.9871005422491
-83.75807856404435
-148.97370976855024
-148.72545014787536
44.000408239551106
-260.1553014287484
-406.1560695164646
-148.3130725840982
-223.25781144949022
45.30044972519912
-244.13936693294596
-209.78766371189184
-101.16897932251358
-266.0554909251818
-85.03001182868724
-66.85383343561189
-158.55113745313955
-252.31950470536714
-55.53798340779908
-147.1315169965753
-261.720078175816
-227.00033076930075
45.37756674608595
-118.84898956579129
-137.4935724782272
-134.60348182874472
-283.82430032872645
-266.51660213711807
-220.3042516040696
-203.27868824100332
-268.8040117094404
17.45380145007259
-195.4186289097204
-171.40499259835988
46.57356870466539
-236.126204162394
-276.41001429253276
-85.15426830876956
-78.68636166877634
-159.71130435195323
-181.79632521017615
41.9849343418111
-92.3959588845439
-116.02811540839426
-149.30776366532345
-117.57349693519461
-308.2096857868898
-92.26303306656395
-96.79396070836246
-198.38857997068536
-388.72901503214047
-90.98640901620819
-235.6185428668231
-230.89860864189598
-185.53181455112434
-162.22801913093792
-233.6531333922687
-334.61568373707405
-128.8039279121102
-176.91632148561735
-222.9765057775059
46.808943116881565
-163.1068387717247
-159.38706541656293
-185.15019744471073
-141.99487686768026
-100.569559498037
-189.4155371124224
-264.81770061673126
-77.05556919015203
-102.5863310734172
-228.46894761725133
-125.34007671790872
-300.34208804984496
-210.7203750931756
-99.38223459509639
-219.28733771800884
-141.21888280102672
-178.19094354482337
-62.2708242838792
-131.65782157079687
-133.93346797488712
-147.524452204822
-212.17952518684362
47.371225699519776
-117.59236021346833
-233.76686225651744
-209.68493055340068
-188.57954820142635
-89.32472489408688
-117.25291286635138
-219.35992141688757
-105.28419332256269
-141.16081187942902
-196.72986557771674
-175.34698803644804
-182.7870939445518
-145.90237344722053
-282.1964576363425
-135.30524765308178
-137.20224944826742
-64.76756528301297
-302.4039523232297
-90.4451647555829
-152.0736939202873
-188.15004334926883
-102.10947747959531
4.98951735876004
-92.0748172276107
8.322483722849022
-202.34364209637354
-204.77963824456285
-128.90835903534267
-188.59165252717358
-89.05096926810405
27.729092284321453
-115.89868059365693
-78.79543266797131
-13.757616530638657
-182.83555286584848
-203.9281235929928
-260.3329259735726
-150.09993602623746
-173.88726689179322
-234.24925405870326
-86.2285791372535
-55.752907238671625
-136.70028421123666
-110.09339043089683
-170.9979092731583
-89.75438356736768
-176.1257996209751
-223.019814852294
-141.34303410768632
-91.41804419586126
-168.08095255000163
-62.21402104440432
-202.52735920843207
-103.27516895304439
-83.35372443360396
34.04263793643335
-248.59946868468694
-42.189269031050976
-135.65167746589253
-111.89782897802904
-159.43111036956813
-99.07431059917857
-120.94607048591044
-113.46048001341431
20.901536525262756
-57.409737994166036
49.01724924934663
-70.86614790270038
-231.2139897491958
32.25176492006683
-96.08287889063735
-131.7953176750189
-195.57584390227433
-104.18324413790623
-126.43257182572101
-202.1032603719387
-254.3400845815823
-183.28650031765355
-218.18709099011554
-133.6532733313518
-150.27584514543224
14.473783506968338
-90.7619256810115
-175.4216585568097
47.57609542079811
-104.80971206374673
-216.36241669498187
-147.62764168883544
-81.75977183561281
-186.17930888867744
-215.65935640857913
-186.23414376853847
-115.19165428159889
-153.89507357142216
-81.91303290350898
-148.8450002862323
-89.57544754686933
-133.1056693441086
-84.21745565780876
-199.77737962750587
-162.09452383845672
-122.07955872438357
-100.91359590656276
-123.8911321449885
-114.09986664968454
-164.1868738741013
-167.24860038021416
-137.5353076733841
-174.83839670834664
-125.6035048865244
50.0
-98.8521186640856
-78.5261640393606
-198.38377676999053
-159.35814286921664
-141.07523197790132
-185.22899879915676
-0.3151911880735909
-8.161982413175728
-92.38123828140914
-86.04320988123408
-63.4251994944213
38.77482736590433
-185.86644681470057
-116.93492824388706
-86.47480063726157
-192.8682016148933
-217.43180856875998
-58.93812800610939
-148.3994089846011
-60.66267141880764
-45.60937754247807
-99.56369291253617
-144.43725080150716
-191.9551747170046
-81.47728170407972
48.56698949369827
-87.05793886826898
-222.04436856460777
-112.77094263004919
-80.41179602586502
-97.99350254045947
18.73020175963302
-112.60020458731778
-282.0752510284451
-100.0829345994313
-117.4775720321271
-92.69530993507534
12.990872503543166
-201.95156719377
-87.01519996855309
-203.0871032510815
-94.48488512132342
-52.04858579517749
-115.61258400123879
49.881200199378924
-204.40689327293757
-227.58439797014898
-197.2179027698521
-44.8710288316608
-64.41329981595125
-100.47810593892683
-98.0654396021339
-207.8557457910914
-7.586045675063772
-163.77806301113736
-170.85980184944597
-196.49638488370462
43.47658865440217
-133.1619672024467
-41.69264247836574
-121.61655106285478
-93.55517599360064
-62.61664320470046
-127.94001496303716
-172.52401793786768
-66.67321551586595
-81.72680323619335
-70.7988081515719
-15.49291169573901
-67.84973535599732
-86.15338296835243
-90.99690386086672
-141.29701207692335
-96.09606680625492
-141.53737793647338
-90.7772050063569
-160.00788013734336
-97.64801800223184
-72.24408299980288
-297.0221371090689
-155.35918192729645
-35.16337991380833
-125.8784883726744
-62.48261190132966
-149.58549118404582
-168.8347091698351
-137.4909262707025
37.14737658254182
-105.68236443503032
45.04982318429991
-59.327553983358946
-103.12177901175737
-177.45786363356075
-144.5314597780758
45.07809436653356
-132.3099749355749
-170.43179590469114
-140.88717781300633
-118.39747801762199
-89.1200323120598
-138.41089331157812
-202.17437635582635
28.99964206191819
-149.31010974357474
-199.33008476758627
-56.71351021340842
-21.102201569937776
-168.42824193231044
-97.85267830146205
-47.99267275385463
-117.2656796994438
-71.44086517384996
-168.62005026055812
-69.31991787014685
-151.199959323495
-132.66775208350904
-22.69448450817751
-104.18859093349087
-148.14156293646846
-79.57489967630636
-96.70072022861865
21.043735768356598
-22.817234618603024
-90.60440308005626
11.933733461955029
-80.3417879031484
-196.90567840059498
-97.30797119795558
-166.62842223561128
-154.06480861158227
-91.6428003102558
-22.648658747574615
-129.6217301180584
-122.3584722267252
-90.31316841270106
-123.0214278539713
29.573760085853927
-59.06201374954673
-122.53830482274917
-109.5355570159357
45.441089153616424
-237.00884463789987
-202.6024307286886
-64.72374864661722
50.0
-77.99209101819952
-80.93233754635507
-130.28529269874772
36.98912581408994
-57.591084654014374
-86.5152230946869
-113.99487519719492
38.39364132562835
-53.84069804633808
-55.0108451354629
-132.431186303927
-79.19643117774353
-68.00947665459171
-90.47636093137831
-208.16697373093152
-57.82076945430798
-120.96507568552443
-119.31010029437135
-154.9308072406709
-88.54849852672919
-109.49057098256222
-204.90327369376487
-95.60298429385462
-81.40101571227643
-77.24784011978842
-89.39666936123025
-43.204792960629504
-70.82966443199278
22.025792316929305
-206.12747956241228
23.459018041878892
-70.11949050871782
-74.6900087359462
-1.7272125075630456
29.657310639744708
-87.47892704896542
-115.7100510016368
26.062054660751564
-109.58261782543535
24.248662414740277
-132.8208550027771
38.3942453559865
-101.97147664114627
-46.82200249745848
-55.746702626886005
-110.81341724164922
-116.2435887591126
-188.43892187157965
-153.01970282980935
-9.072748207009276
-186.00989943140183
-149.37325740286224
-21.60465779693635
-50.601892161293264
-26.4097359222296
-61.0729877819198
-68.79597637800855
8.89169059466284
-30.737848649157755
-84.25349435702478
-108.62909835208812
-70.44524916470937
-133.3769834459609
-161.16774501569066
-20.12604479812822
-99.95619853630072
45.15158525946646
-99.5737410358262
-18.86791844223147
-61.62641801207075
-95.15695421950787
-118.44525763975504
-55.29500636968434
-57.7935043652253
-107.47558541891189
-79.35170591735182
-82.74141452364947
33.69933291695628
18.66181223810283
-66.11948426275036
-100.49976491133351
-122.61899437787064
-46.590783590991265
-124.31852683538517
-127.58703600150109
-126.80625518708598
-123.17600765589268
-148.57747717950537
-133.52903075076728
-82.63639075991509
-169.52051984371437
-115.19000538717646
19.799136803503842
-163.1269070429046
-152.55921249544377
-47.37624076298704
-67.43229194929147
-83.24828151260246
-101.07331211590153
47.72628480736951
-156.98835148542653
-65.74271767161962
11.121760842063765
-69.95917611934442
-89.46431520689198
-4.398110180468173
-97.08175128235534
-106.33317800300384
-92.11811110487203
-95.03882163826957
-112.50730760991763
-80.35691135813656
-74.3997869410151
-43.07690032027345
-70.48183456737229
-62.77556156972107
-96.83290005619064
-95.58712813267955
-68.6131467967552
-120.9007863705553
-47.842495974006304
-68.7246693838865
-122.28282791123017
-91.38418082031059
48.94579116949117
-134.5104104214313
36.326009316529955
-54.49734536660052
-91.5296670179973
-102.52142013747253
-135.55534261721056
-65.3754758693848
-96.64520215130939
21.203769824967086
-39.37639364700178
-80.94386375616122
-180.10327574405295
-78.46220933848895
-79.21636956118473
-117.23765580284999
34.86310659106505
-56.46920489974068
-94.22363056306584
-70.77605248639809
2.0198777052884864
-56.136226937075115
-170.14392778922453
-69.75428744793433
-140.0827809770628
-151.64701641299052
42.86109516261881
-140.42151501652629
35.18597603697104
20.206859527189305
-113.05085773051196
45.079786416225765
17.84723003727055
-14.3175125267624
5.425745617253128
49.40060534898967
-123.04408843115404
-135.39938938919755
-85.82465022339798
-72.2418486664988
47.15867973325656
26.310155982237873
-81.19927662451558
-143.78857587486232
6.275433443120022
-217.28626838348322
-80.68933658183289
-116.02570390322582
-115.32153245082071
-78.86180269418578
-106.61887944257117
-75.34302213619704
-72.39790146330152
-151.79926752795902
-90.68205821870374
46.89439872214463
-174.81485150105445
-12.097704918359021
-39.30330979484331
-124.7955617303345
-24.474943526896283
-53.12006021216838
-87.30377383690421
-67.3312887790056
47.159381319965206
-126.37046818533153
22.706404690209244
-39.29230600359313
-63.363620126547076
-83.99815078669002
-68.17262100172395
7.165903439314924
-76.20755858784922
7.055820188220856
-74.88545904650567
37.72303112492893
-99.84260422429294
-85.24199249322992
-2.635303779375022
7.131701777169226
-196.47820829674447
-52.43055817215371
-85.17421729496296
-121.79796825688926
-17.06154613415049
-66.75320934096177
-63.67522594885727
25.570913146248134
-67.70838220887866
46.46807770988389
-47.89697242849365
-68.84556041600884
-101.47198646497644
-2.0593819601683165
-63.99262754780736
-4.502499111102367
-82.56979296963027
-90.58503985411143
-82.73608359432892
-99.20670007279868
13.892125638741916
-114.85869885185964
-97.74408648890316
-102.56343160901721
-84.33679358135285
4.337115919328269
-110.33110241807431
-47.045312168368675
-58.53575150757794
-158.9530210613448
-68.08671952307736
26.038508092617093
-123.69323758834398
7.797487564759955
14.693326306935532
-76.77529167150824
-57.70723759858985
-59.649387795528746
-78.72016252592492
-62.59576002071338
-58.41927546029092
-77.47521099944491
-57.729677241890045
-87.11725745234263
-57.34728242107526
-84.38173821243024
-103.63182089584906
-58.67698214184407
-105.83072124995245
-85.61849361502308
-58.73847692593684
15.012343190772235
25.21328034608514
-88.89812236851803
-68.03032439011469
25.068516045482212
43.52439538436239
-111.72039368121598
-63.92835593520018
-101.83415861631292
-37.03486157875692
30.603848899844895
-2.2618090482477413
3.8642452571563837
-113.43669062617144
-112.12146688686664
-80.03956346997802
25.735230035348692
-74.1225054162712
-68.67113839367012
36.079217610722296
-41.93200806332905
-88.68934246253671
-84.2657174306505
-57.18562980143375
-6.540018886448692
-50.219420601130345
-41.27651340616586
-105.93151155634156
-7.481376368462541
13.168328873289518
36.76972029913399
7.665871880894947
-104.31940503759522
-81.7407841912638
-32.20784364434838
24.713738099086587
-55.436522644994064
-77.77851871317951
-82.41467423759548
-86.02064192144083
-94.18387139773893
-76.99771044926456
-97.33891665429007
-114.88359346387475
-84.85230535986382
-82.47331182857505
-45.41439921870728
-113.548015470344
-48.56165396921627
-125.77766113901805
-93.46933683755707
-40.84850652478261
50.0
-59.511454519504824
-102.72858530686383
-92.96011084448139
-80.03839132815256
-80.52035372583566
-155.22815540506463
-69.52367555629165
-115.08887503267866
-60.17394390628228
-88.9231608959039
-59.680522052809884
26.04654612926962
-144.76658801894766
22.512721431327734
-112.61896025793601
-113.76946821783599
-62.99544294439667
-151.22702432925024
-78.8665087493492
-131.9709701530313
-12.938593239517886
22.85836185595972
-152.53976849215502
-61.90445986044436
-34.795441190201224
46.48572918773909
-78.68051341408356
-86.99749381592417
-58.61142327356446
-68.40540469657314
-47.53233188179449
-76.79254012715923
-78.67443080134062
-67.28539929782265
2.2565130454278375
-46.67646620055605
-18.95855185373931
-55.166444775841406
-26.636503750095734
-34.58432218861037
-89.93490927930277
43.63269109448467
39.9070153322512
36.02604642156875
11.809656740189595
-63.524855469116396
48.19456005858958
25.17038224838591
-66.6700739378892
40.86712413759213
5.859182453596318
18.818683588924888
41.317549971915795
-56.5197227401352
37.49886434147782
42.963856467826076
38.12601277686449
-87.09418014043693
35.93991326393191
-125.23150827763145
35.54944668838533
10.73305486858699
-138.5399396946271
-45.335964802344535
37.49674848280128
-108.01249531325614
29.931916599708654
-91.77948826403967
-62.5977633544484
50.0
-161.05623407856174
5.824715738430143
-118.84486421677178
-137.7397238773262
-64.225339420375
-86.82922908340186
-53.343484441303126
-77.19964226992137
-108.85881527055668
-37.45383446079982
-97.32720596117426
-174.17008010099477
-91.90081282164041
30.807804599899566
-115.17193019428483
-47.185812132134814
-69.62113138035116
-6.084214017074736
-46.85769591729607
-55.802192789302396
-124.89929848034184
-119.10068849384837
-79.94152609077565
-57.9889895059661
-12.236401339137224
-51.203573281795386
-47.113985961883685
-101.56766945853057
43.57350188030362
20.141151086352146
-88.49873778086943
30.7198058067527
39.434678384244215
-62.62546789967155
18.667701078694684
-97.2300023618557
-69.37053532204851
-37.04233362158917
8.260819785985547
-86.87546746177804
23.497479008649726
19.08220966871751
49.58220612308455
-84.52641376946734
37.9168570164521
35.89600323777299
-60.3293003783645
-9.705988301312239
32.87701747907135
35.85273370567196
20.134473383753047
0.580529919764821
-68.80177582406401
14.167974260664103
-34.834137453456734
-46.002068717865924
46.62133697625773
-94.57038006198086
42.242650168249995
-0.7894428660718873
-75.32603745012187
-46.19614324850281
47.61196406252981
-54.770692269431215
-39.758674431548805
-70.93036301010036
-5.848169054121826
-82.40849344259169
-50.14716253890948
-74.90498502077095
39.67807027619151
-30.184778968798845
-39.949344359964265
-111.66455403835215
23.62843436542762
-37.343624397685225
-50.47307918296691
-74.8144981135995
-41.964691049433036
-47.52881089674151
32.1261049822886
30.775745886726238
-61.23479111248204
44.61461621653471
-41.34569730953184
-51.165428546604154
9.112618677339896
36.085709982448094
-56.211241959102104
18.97537004397384
-48.89315083024382
-55.15404773064025
-42.44811820748103
-29.884759332499065
4.049940862097088
18.06089279016165
-86.59993579958649
-54.79384171434059
33.69320710193701
36.34176647091397
-52.74210024873462
-16.19742845255658
16.384321673610238
-90.49266980056078
-57.0377788036638
10.628099966779779
-55.739126134894505
13.7606262650729
15.752314482291887
17.62450201571093
-64.41882841992586
-80.04416363723773
12.0182332093259
-57.89499305858294
-55.29140563208688
28.12425759813425
24.84572544728892
-55.130680938000495
-48.89998371422157
-18.60204160194698
11.421734659502718
-39.800350293547474
-68.75926122703122
-15.833534379130654
48.278440806725165
-80.37776329625382
-64.65301336003515
-65.7339754863458
-52.99103232666024
-70.14455292262943
-3.8006304546674627
3.2937408733898934
49.566562799872045
-45.89392599313062
-0.23889298371631185
-36.83467616035098
-64.70937001287889
-39.353772390308066
-39.34964933405122
-51.02036053958705
-72.23692842487063
-71.12721858804166
-80.38259371227781
-38.38521770224715
31.608574924404905
-65.13765989682186
-74.90277236692121
-60.683457956765025
-58.98111916176084
-61.19187960812765
-86.4287162522258
4.412723389527002
3.3015496959288058
-70.43317266769618
0.6629310535214543
44.61651757473597
12.292518544768363
31.369778192203636
30.09309976277173
19.74615154249785
32.20698493844422
-66.76622888629704
46.561637615508445
-36.175047094621675
15.633248176052184
28.329024606871723
-48.12422005365094
49.67195025871733
-68.22970669882424
-32.77876329958264
-86.64789609993186
41.28458943178862
-71.37832326538066
11.207868552336343
31.649627756727813
35.32932916908939
16.894338428846893
48.60446312373918
-47.4509949622902
-66.26047284336329
-60.625885056127494
-54.93673322665735
48.27615069184372
6.435421435220341
23.13760419784515
-51.808832152271066
-96.4709099717524
-55.40017319213821
-42.42029225502066
26.496676652241767
-67.23862025141528
32.31000652656127
-60.74539533735404
-65.22753167592705
-78.45751175046338
-48.345844254548624
-115.33283261949622
43.73205466027546
46.42062648879991
-36.49138135825962
-44.75598512642463
18.226324438257013
33.32854939905992
-82.6711520223638
-67.65675877536842
-44.067077532197096
-48.04880856275879
-158.37080564789116
49.47708282721949
-55.892457733260734
-73.03005664855188
39.33035377740647
-4.8559318035042125
-50.29597791521046
-45.983751759783935
-50.39779211515066
42.36337438822513
-101.46835414962496
-39.89479653260085
-60.9642513519646
-49.22367705195667
40.333417036184414
21.96150597962008
30.423278641521858
-41.8910804698851
-70.02657595198471
32.57528082994074
41.143591416573024
38.82007319197772
-86.85658412142328
25.416738345783326
-68.0649806806225
47.79714907279465
-47.99673206646621
-35.98742382194117
-47.802399755534
32.90561920720691
-0.7813678459050521
-43.888555727085496
-50.178937090957426
-34.264854197637575
-62.62928157721169
-89.11560397317328
15.524520164604446
29.427374690902372
-15.548570528752776
23.539214557243213
49.59353501013083
-83.15244746714082
-69.89326822989447
-37.06636534295088
4.296076279725234
10.416908277253874
-48.69795063366689
-47.49747956828643
-76.5137302726897
-53.03501900131913
-38.91448739915416
-59.516329528209496
-46.736085112251295
-81.32151869016293
-61.2182614920699
-37.323526071064336
-61.44917581390565
-98.65475333474899
-57.7440847357497
-51.04356283424547
-66.46282323219606
-64.91110691222786
-29.61643211707545
-61.5010637486475
-65.27061556543634
-45.66332230013849
33.516595710476835
-60.62369030144626
-60.54597750037216
-106.47651431532573
-92.1936650550447
11.75940171930575
-82.52244340728616
-81.73219710250613
45.067944436180646
29.436196446416865
25.897237141259044
-39.954107756507014
-65.0501287520117
-65.4849153655064
46.4486851900771
-85.43603397643234
-55.22010593718341
32.70641183001865
-38.1762568671135
20.722823566129673
-65.04127802630425
-52.96321507391251
26.67195452445858
-71.24595708135352
-43.340623208217565
-68.70669060783668
-19.250841626462957
-61.24990753470901
-39.943998184353745
-71.16399568083577
-40.95505878510199
28.824174423856345
42.09139276791773
-66.58375994136944
-112.3034086706148
-48.23106685796698
-94.66639053637945
-88.26074260265824
-87.7769078120033
38.852815928153554
-90.77201787464442
-106.8297352392131
-106.70643272408977
-62.68803824676906
-71.76814247837584
-50.97763925946506
7.411702021457984
-51.153310956505116
-53.62232337606459
-168.2498491158308
-78.18630558611322
-106.46169928986646
-134.3541698982431
47.802248426344335
-44.7147035549624
-74.384470654657
-75.53037883677194
-93.84695091931512
23.17919676393033
-60.16100526736162
-47.91685187941986
49.329853046420006
-47.77888914534432
37.68270560060596
-54.05305806127493
34.03185281785713
-53.753770585776074
49.65087233339802
-47.1933784125623
-43.71632195116158
16.7519307413262
-73.4719593837003
-66.84881659652271
-57.24425462992658
-88.6790126008955
-86.73879697029683
-49.163019775482276
-36.70514417722998
-101.91100158661244
15.88034733083272
-75.77500132347564
-21.377474986640465
-41.42086078122423
-9.709205682094769
-61.8347570600234
-73.2349414681377
13.56172610462275
48.55067115083143
28.34516540626082
41.84443246855531
-58.58753204675394
-74.31400088340496
3.530789287954562
-60.48716037510996
-76.07718606112923
-58.07940362423387
-36.284721760437414
31.962837469864112
-62.96068999269609
-68.26376227030153
-62.38047775651816
10.185994278469309
31.463739298190927
5.648643005810314
-46.181170825881004
-6.023378486588818
-48.30627723586057
-60.576733045548984
-85.30510947770792
50.0
-48.431440975669325
21.887219096537848
-77.87029633811977
-62.09953264123474
-38.9996318250703
-39.129897964680424
-74.80319400034497
33.40375595655441
-75.46990106927892
-66.79619056128094
-85.89202203635915
-47.16286398672115
-46.92021040519746
-85.90302862248042
-49.02401576583088
-83.37872803393536
-49.73097939349044
46.25972866150153
-63.42425848722007
-61.44870350614105
-46.95227632871079
-47.30071807578729
-59.90447513020562
13.560074896563705
-43.17294934934815
-55.19252625883161
11.113396808470569
35.483967505759736
-56.86264911364082
-54.44225820523966
-58.79313734855663
-60.12221776855939
37.895289807707385
-35.44334459448935
32.769062449631235
-32.731064562754895
27.91675595712168
-30.546318787511645
-24.811874215086505
24.519274952952934
41.209190577903584
-37.19438952195072
45.97510022393229
-49.50773806050526
-34.29124442395992
-48.703774750852226
-36.722703772617315
42.84022683187413
-64.01911691169322
-53.44107496376552
-72.01815830490439
-87.54931626028193
-55.97323286332778
-64.42202499093045
-63.07930289887407
-101.80303427508547
-108.21795846195533
-63.87964331750279
-88.47823744603164
-106.93481076116187
-87.8491869691868
-82.34023730749253
-130.70735538574488
-94.61692152983271
-49.22417799720925
-117.18033544279506
-65.8057037937946
-87.94734484298829
-64.21758745087352
-52.42025372561811
-63.77816690493698
-70.53093415113949
-87.1095477451197
-98.25632775411839
-0.4516486258171426
-74.96552934268819
-151.57927455950448
-108.16115423717017
-9.082795542504002
-52.67701881099023
50.0
-68.08495459491243
6.86167945715615
-36.2827225274683
48.994075003461255
-84.34176418438707
-55.10862032987689
47.8241454038716
21.904023600559533
-69.83371913339978
35.0090680351567
-65.00211786590746
21.51543045713239
-78.24195279612093
-65.53047500860949
-74.3699776200516
-31.26869256342003
-29.041707242316072
18.298724067210873
38.16943451529774
-52.255398165916596
27.533029642121434
23.021191916335386
49.79957620927683
49.59362446973133
44.67692274438043
-20.157540059197245
48.200837153579954
-41.01668592981756
36.22272890217524
-51.994300870818
46.447543658402154
29.258970842973266
-34.729815775379244
-42.06275569171293
-39.853311261698416
-33.999979802256604
-33.928859902376836
47.2812332989375
-79.6352013738253
-65.62335907256303
-114.10649898945552
-34.3114441165393
-70.26389199319807
24.676572443994193
-48.46963541102512
29.77418633418649
-62.93510017880569
22.896752736241986
-45.06261718717135
12.39771339416911
-33.65388052407904
12.502402993478917
47.88233601257259
-42.56964624468756
-85.08215826832884
47.83352292970174
-46.86706828653979
11.95002569640048
15.636375365834816
29.33316537035735
14.029923528768883
43.55641831676496
25.68680042605571
-1.876417927047207
37.341698265798264
38.06149705470402
43.77992451147366
-33.0126127851471
24.104542635973434
12.500386316703782
11.517911877971478
16.884863615240405
46.248625804505515
46.20338249048274
12.531169872746993
24.72767133532992
-2.995855832272916
23.811248474794983
26.19314638285866
25.54746346284827
36.81291664085373
50.0
5.842052159519433
42.16716218183691
33.33168262489622
-9.506089432645574
27.975030567517297
43.46101831003777
36.705962490651274
18.1112664982072
-24.379382070078748
18.474421927157433
5.463693273225076
36.97338672993107
-26.092075863286325
32.20546909939826
-38.18726245401341
3.498197803174456
9.602436365143625
19.11234095876347
25.97531621257592
35.55111934016659
21.444292653043128
41.65896761699567
-2.4225591828764266
3.147220494295759
38.643945180427764
23.466781425117894
49.15735760819453
18.91943107683658
-42.343125300935334
44.14145456592006
39.879520032558816
-48.02922186149992
-13.767106570436113
-40.829919475070255
-45.217588465155856
-45.757474560814295
24.825471349527202
-49.250805098695835
-59.74060583748848
-59.160878432383704
-49.99062103879971
-38.542836219478346
-58.07502803372779
-30.304055343431525
5.809513179980712
-49.65968607343289
-49.11369725906415
-59.51934694385826
-64.58209024979597
-49.629227077828226
-87.64627380210885
-37.756568253365074
-63.09989603795347
-35.848606093487575
-42.97745388734328
-48.88961098171521
-45.572222749890756
-34.44706393060759
-39.240266918638824
-46.81787676537747
-42.35931550418679
-56.80209767509106
46.30277465754118
41.81187382903804
48.80274940608345
44.833827896424395
45.08642743765906
42.7873698185635
31.436335921522815
29.061929079175815
46.69987086919361
-36.85751303943113
46.08605067328714
-33.7991985750655
29.45759457733845
-50.3059196615741
39.73244272781128
-63.69506417726083
0.637592814246851
-44.16546117994671
11.855687810062307
-33.81380638296775
-54.87618412457177
-36.35115966562675
-57.18518914060502
-42.70749003987131
-68.91421903715641
-56.57476574343325
10.178663267961092
-81.4484870181849
-71.90303002460867
47.10960208873745
-46.826077300871646
-46.375148318836885
-30.684900122245352
-63.48580447905401
-34.35307581558642
17.598104235329316
-52.63135459504095
-41.079796526984026
-56.94415954756424
-34.38787491016034
-44.159753291028835
37.16788692242051
-54.53681333833026
-38.75212459002317
-75.5464356530223
-36.71571865592499
-56.80777077148861
33.05018342634116
-61.33682782308777
-63.844649177106156
-60.67931198661982
-68.05428121878462
-30.71317713451473
45.12536273176562
-32.51531179119179
-62.72639592995802
42.98325482563218
-33.571704322301606
-46.40755267654431
-31.2981216853289
40.00299089192488
27.462341743148745
-21.84191758099595
-37.16158655822474
-35.07770064849316
-47.584836471895386
-56.72990208288659
-49.026394610235464
35.90326676346442
32.67660975734347
-55.730306019851476
-76.39200315036292
-54.20052358690981
20.86833110706299
-36.094814163525136
-59.86200755309928
-53.7808416080785
-52.12054938402072
-35.60576400141719
-45.85702009730955
-79.9398879966285
-65.61147013905935
-70.88316187415509
-62.171478415100154
-69.23143280537738
-35.31360231350469
-69.25793357545858
-88.19854430957739
-56.76835063204125
-52.75459545249105
48.73483569435225
37.7497551503641
-103.62608029766689
-48.96455433355974
-75.27278013791688
-44.63963254514079
-26.920409094664105
-59.82167349666726
-111.11177883744313
-39.7560773488001
-82.84676694032302
-72.31521488388617
-90.1057251701472
38.40826199879738
-70.94736907888966
-35.274625532929235
-80.30531655616261
-115.60551771728682
-57.72084623358158
-46.937883771803115
-67.56387799004713
-55.95534602172447
-85.50205495513696
-42.53845007014429
-52.45778330515233
-80.37026891532925
-59.61321649505519
-73.74228102732715
25.09992988264113
38.73330209295762
-54.56145762102811
-53.74657681186816
11.703642559613577
-68.37087113827617
-31.887332713329968
-28.635756570773058
-67.20200402292858
-51.328305097398804
30.840748386606766
49.608499197878515
22.810416229730947
50.0
43.17862080902023
43.83880942312384
27.005660507705333
41.06470763545418
17.66634345513593
31.372875843943678
49.761253405828825
19.951856908951363
32.63853459535442
45.58472629011485
40.269037040453576
7.453099137221471
17.66987961023331
-52.16928856267634
24.86140618775235
-47.74006978598492
-39.085964900072796
-74.1832855897251
-45.451562275853085
17.535558435833842
-51.037803703075184
34.37513245442274
-74.27778976050985
-53.34391002733937
-59.87767876549458
-61.86500852627742
-38.34709338463089
-35.031182370580304
-56.41104603880527
-48.96908197178702
-32.619815548617645
-104.35093617005262
-56.60156388720569
-66.4545322149616
19.13659078694033
6.33099233542341
-66.75545622821838
-34.96555519212373
28.10833991185975
43.305186907994965
-7.775970197383444
-33.71224947439197
-34.503474739248226
28.869049053656404
-11.524772034247484
49.752607785385074
-36.340025239960994
0.15444329426103565
34.00680547369694
41.75275028384787
-9.58591410797338
32.08998836440256
17.481654266204337
-9.257308354237637
41.7790790920207
-47.109833474310406
42.727797934971605
-14.178787494216621
23.9382103147184
11.631314033443182
37.16196560962183
-36.65361528641828
35.767515226500834
32.11100127802987
32.72962013760191
-39.92491218445699
26.578154094444805
27.917014688618423
-39.859010575305945
-24.82777234934838
-39.63502556692064
49.30472943541695
-37.71007968417018
-39.915343902213756
46.65319842360448
14.041431823555676
-39.55565059032143
2.5532861952547563
-30.145688935902673
-70.18071984773704
44.93649156206885
-7.5551482763231945
-41.11344160782625
24.43221268990963
-88.88277467606127
35.20983141926351
-30.63967150285286
-66.47648626748378
-40.15626821313335
42.062780641422265
-68.49977844493142
-86.62149474364895
-58.773382657166124
-47.954271396017155
28.010034694072377
16.360772757063827
-49.72931594062605
6.073630175242791
27.351151281844984
-54.08789468553293
35.39957526810659
-44.605667197936654
-74.60421766121192
-88.28370336255354
43.820837278316326
-118.05066528091604
-37.740620409296575
-35.91340906882388
46.78788594764434
-53.04048290042125
-67.81482294668649
46.45217438262702
-55.54955275732888
-42.765522451415436
-54.66008359652207
25.776426681857625
10.971062881649601
12.442690850571374
-6.629035061532335
18.05929325866691
41.37904657171063
-100.34275106662496
32.55534490162347
43.87645785406105
21.222806332765273
41.849112360406885
17.008647381279985
46.57626118290996
50.0
9.684584783520563
-125.09668954624485
14.631217433681037
23.211146909483627
45.427195920423195
47.34301252198513
24.002018845797306
-24.14304925733084
-60.38944672574053
50.0
-60.592443580711176
-42.24722656307103
-42.364523308748346
-21.48232081541076
-39.25942666098805
-59.26664185364963
-19.733380347508987
-49.25206363124517
-37.04979882974617
49.75827617718466
-28.303691615549504
-45.40061702257564
-5.099192316844871
-23.440371717893758
-37.63832275286891
49.68802695850028
-40.39583407855526
-33.55922819900344
-46.14868962683659
24.082725390580986
-44.85610415913934
44.610935749829274
33.7936235553402
-34.65922011970162
45.5250059227813
40.24674373339083
36.53668554482757
36.88327286305565
35.631591523443944
-48.17422705204035
32.83024281597701
10.714082874029991
44.852235435163756
28.138604471904056
32.75744484887713
37.38170477424851
-6.266259869574064
41.72265499177233
44.75671569419504
33.94702885879199
45.207460756412765
19.578710307865425
24.552243048211736
35.793784706824525
37.760954908272076
37.51152668664477
42.31735649998321
33.80048834661032
24.53902966233269
42.961091239400574
-42.8848765680582
-31.55002282355228
-1.0656526240664377
-12.153767913252054
-30.251567095405
46.09392201267111
5.494676671725159
24.83222665730074
13.184078126715988
-74.30090732947474
-30.398982316159543
43.97558012476392
35.86188673657419
-44.041219845494886
19.55633726961085
42.66348736271859
47.24054372438209
38.88075139686719
31.921711774816988
44.267226763677975
12.116990451935038
-42.08083740018855
4.316736699242725
-58.22483413383776
-24.997902022235685
-67.95774545960496
-40.8053508958958
-35.46283765751568
-18.202860206765735
-29.82227999631136
-16.713210018985592
-49.06604976290963
-47.69483657449915
-37.96018525262536
-63.28219281373084
-63.94749417861195
25.362000692379496
-59.40573302346885
-31.593976991400652
-81.74893479975033
-101.78002143885715
41.81909857971999
-37.59470861162365
44.50300438878869
-47.477961694338234
-42.231398375906736
48.40703445440955
-46.83881138601976
-79.53533689505277
18.448246897834316
-43.85432582413797
-42.90511704932234
-37.39277083687617
-66.72084443341852
-36.05048240181461
38.45988522545147
22.235416326805982
-59.23872236196731
43.72989469140972
43.438427488802915
32.83448020736076
33.14327743439232
35.98132179490578
44.4667750984561
3.8306891722279772
44.97829048417843
29.917082484338167
-36.359107032937864
48.920688610436216
16.584819630052223
37.51320356727366
-35.242206879526606
17.55126768132522
21.29908666363044
-24.532841586379504
27.883734047392004
5.470688036856011
27.3745343695704
-43.141756013477256
-41.62127203039097
-85.58774705439957
26.11873675074625
13.493732923259955
-44.24435311462927
-37.24049439813792
-50.88830008846358
-34.11700756165746
-73.97990675729541
22.7423315958489
-34.93913224457898
-56.03841463579293
-42.609647701976634
-51.22675493915902
-77.77576263360861
26.30719158319211
38.75641468088911
-55.37674640304974
-25.50010319077259
-58.03355584282519
48.17086765966904
-36.439023262031014
-31.76960290388479
-49.72825639455214
31.367223650892704
-61.262225028315925
-36.80229159499256
25.936008094703585
-34.933385709608544
-50.69942002318239
40.726295645613426
-30.783232248976862
-37.78453837262334
-34.85504861231497
-57.993520777387054
-97.59110577546028
46.88824515243846
-41.79462362724783
36.32573918263328
46.03712895907388
17.043238668433254
-2.5607248727665777
-30.048360657040003
-99.67729289871019
3.797595006567292
-28.46421225777253
41.32410897546613
42.515251193631144
50.0
34.64422628445793
24.07925751407371
18.765945152357144
32.67557970559348
38.21534945221714
-7.898900084150618
44.02396724980756
7.135205629673301
-40.428640122152466
-75.36495381223524
-2.15012860643872
42.3814749919085
26.29801595787412
48.3776313992552
-28.07556211849069
45.77243348242787
28.258143504574726
-41.78940807707281
-16.51343921778288
-39.6083297512044
-42.86917354174633
-46.75693845994031
-25.616408809741284
-23.38843922976008
-30.00715405211091
14.964756492775479
26.178356069725773
40.39017893007238
-36.47393069396078
29.477051291978377
-45.834801244540756
-24.04278215930467
-40.9516674789426
-27.147010602181993
20.979622532164424
-38.92981601035604
27.50131143280445
20.496983159178527
-45.56893291758393
-56.272004971591585
-44.45210465224455
-37.46504638405367
36.438588095070116
42.18273734406722
-31.4245872421916
42.93391737213228
-28.707232380161635
-67.49021501921261
40.14837075065289
22.237760887801603
-50.11222246735465
-54.13456734347064
-35.7034092117881
-23.16923308111504
28.041568831238305
49.214350765571915
-32.18696836413775
-43.664255821353485
28.239434397155517
-32.52916079828342
18.103820201473734
-69.97604641604643
-49.40922881315098
-28.37342751150613
41.18860880784503
46.67075038170356
21.083548194533073
47.83756949577257
29.069766459553062
6.706105916015829
36.16206038113152
36.62479126264496
28.262465343587774
-0.2643609665260982
27.59226560050466
-48.65812154564858
28.71096926533771
-31.45935000124249
47.87613021042264
46.94494133034179
-37.471341963471566
19.128355239114423
-30.16253983123022
-60.47558051170566
27.302693828103003
-27.39732875900466
25.584567490995084
-44.767718768229194
-65.36214644680133
48.70874967166766
15.12488036845319
-69.42697219878809
-42.32142674402688
-51.2145509089236
37.578677404231755
-41.35641479612963
41.535668844840345
27.742516724207924
45.7287988209778
-39.75331465647295
30.310268510265285
-33.71466758506067
-38.37832085115355
-82.10617286654148
-33.99277646487206
-51.82242192109009
-29.21800356973194
-31.14591142002355
-38.50758948420448
16.640523323154426
-81.40660009017884
-49.22835458796434
-21.203580224934356
43.89378803449078
36.08909679414322
24.91603664628292
38.29597447135975
-4.920995741096185
2.719954898051533
17.388759538741127
38.54818543153748
-32.96384646433506
33.941729044996634
48.619540767825264
33.97456482619345
49.92053792710944
46.59817438459574
49.56932977854488
15.619115604478438
27.07203475943506
4.122489982548949
6.111332270895325
31.659910053874903
48.235059624755294
12.96941413339728
25.581919187416418
35.294362735864084
-25.58017014426868
-45.86588882745581
-7.375165987864108
-11.749612658721368
-28.72096111151883
6.142476999893056
-42.33183983555613
36.51345809360031
25.956686121091163
22.441341028791246
42.97780637602277
3.701116032517625
-36.1037831504635
47.84622207839636
48.58331407283342
-105.09355132343393
33.4795022080753
-31.788798647995755
35.84655569268697
39.574998575932085
33.851934895179085
-29.70108652791909
-49.6714648143727
44.23778775778024
-37.46775513089221
-33.798419079056416
-36.48072120093857
33.874935742598474
-29.739534837296787
-46.775224349664
-45.33342527110421
-40.305833623345386
-22.679605974508117
0.8986322118663566
-29.913907312149057
13.168384803593668
-67.18818113470225
-52.23082642190237
46.921245345166405
-31.26968522091079
41.05340927897323
-67.73867470430937
42.51160774158565
46.24718100939021
-54.27988850263947
-4.600127405206251
-37.653401367186234
35.81592946174162
48.60581305479782
28.555037612639115
46.76044079701631
26.87133426630252
22.55983785328874
46.08124092393396
42.7993648031396
42.036110187279434
20.590088905869585
32.986688774335505
-87.56635470035448
-37.11924827987081
-77.81344915770042
-60.27901086711034
24.8559739296285
-46.61828720593998
16.606786671964187
-44.84678426927227
-65.12077814451038
-48.30467678414083
-35.14918636418245
-51.56572669547566
-27.56123171135719
-69.51044638241576
-53.60598023437528
48.781645618562685
-33.855642468432386
-36.73524116948284
-24.929556479549085
-36.999874170241874
-28.698746416154965
-28.685957260294153
18.290628001924553
-110.71422690999782
-48.175145850532395
-39.50242751285382
-47.72073378009063
0.7318325753416062
-38.88188446849836
-38.397492615593194
31.65300221653313
-39.78662189831065
-56.046165581038956
35.3872761245604
47.61377795277496
-41.85979599673758
-45.09552552341577
7.94806233968427
-10.015036479341966
41.081017390012434
16.621385223911922
-42.99351915129104
-40.60415035329159
43.77615471443779
-50.18074764350883
-5.7156866348094795
41.557406863224564
43.66997169394974
38.97623075859767
49.803974101893196
-55.73722232869363
49.50788420842936
-50.77782576660154
-54.71295512509244
-48.867496082491286
38.30068553077693
-65.20123601499749
-93.2111384555943
-42.24021054329728
-31.472416935095158
-54.251084708980216
-37.85895178436806
-54.0355998146555
-57.415094865048864
-67.81525748809052
41.1019661749033
-37.43128903244741
-45.46226745425423
-53.9126567570762
-55.97586516814027
-62.65674007473806
-48.688342439195175
-74.12973810295418
-41.69810902095142
-36.503737088576436
-33.54705097340881
-105.84951507594107
-61.10818920454694
36.51079128980309
-41.23416002222567
-37.597289416585326
-60.6915618761264
-45.225550936979396
-34.536178745391744
-51.691569557842065
-42.576648492887635
-27.743980833545134
-29.90788198359102
-29.473984480082606
-62.879559008684375
41.278713629314495
-34.31171649250433
-23.390428282876616
4.323436820268675
-50.6697152649515
36.31298314885257
-62.83475338707136
-24.845293880197325
-49.840178014224456
-31.62818454977361
-63.06217889627801
-41.30463230239601
-50.21461463877101
-69.09485465779336
-43.8932386881374
-33.377854320367355
24.516532425557255
-57.08489935807287
-59.38897519236404
-28.187940691847448
-33.67493886613331
40.30230617788309
46.785846947756966
32.46097239769517
-42.652817274295145
-27.506611731466684
-49.19992971936113
36.367937631643926
-19.152646984794146
-46.12144524749431
-35.45657880949134
48.59381432269193
47.46597700125258
-52.46854269927892
-91.1034978682267
-91.59212556951307
49.42936821646084
42.41262610570095
40.319502990380144
47.829594899197986
-57.838999925392265
-73.65578155461057
-45.0174110980559
-36.92140571182757
-86.17612603569519
-44.03824439431238
-23.886850920383193
50.0
-46.138826617143565
-70.78820801739643
-59.264732507766645
-53.43310777501255
-82.95340105507755
-57.123526507213946
-41.449177943821105
-89.40759426407602
49.30662531128926
-41.44198675399028
-65.25723937286183
-35.21886322136009
34.11873837588323
-63.65746804715021
1.1565025700917246
-87.07716612272434
-64.38148365547482
-51.049971235344934
-54.17832944124539
9.367782272554464
-51.64961260553166
-42.4065145142223
-36.61219556172024
31.429514382904134
-71.2411773510431
11.493193702293333
48.61236971614761
29.252397361671132
-44.86645472307564
-57.14092652018265
19.934503771020363
24.794946798766087
-41.77875594565834
-57.01842816299469
-57.10548031548566
-84.52375795316632
-41.16150433405562
-59.82643021519343
-55.77886273330521
-3.832983641867088
-41.79353844978739
-27.308559038859418
-44.3959289711667
-41.1891727102443
45.31824922915473
-83.01399492038641
-28.92568930849573
17.52797920611659
18.45333713964631
-57.5968881183933
38.67920647020821
-60.0057928494386
48.286550132280425
32.35206588976585
-46.1311281276202
-57.01041631015599
19.299854876940913
49.35534973801947
-54.75939820635533
12.976298461950122
34.83062967800532
-37.27316852250585
-63.13492708749203
-54.17588539320227
-85.79729001609616
38.192750701538145
-30.495970656186728
-56.33398319374412
-33.48647701350272
41.25927190266811
-30.659235682598386
45.730656004857494
47.37378070141726
-46.16556850889902
-54.82062839436091
-51.55589018560449
-46.25656254959232
-28.57138255672904
-67.99882682143561
44.75264047483171
24.915299102169662
-34.83297753312544
39.55889296605682
-30.70625203630524
43.71227377786499
36.92342000708059
-56.76928535589588
-80.15105536866966
-50.87330154928634
-70.41294082808285
-66.80393864907836
-50.40455483630679
-70.39970558944647
-79.3682001579445
-57.59988748047735
-42.43824499203198
-51.7510573693179
-30.083699927149922
-47.65126064019159
-40.273784839515244
19.463128326144584
-53.84678028969296
-24.224413994927033
45.48936402947212
-34.53947088946703
-99.00184421644526
-49.05794215561846
-48.67904498088419
25.262352021603714
-48.756901444910355
40.02385095489828
49.00948289407543
49.0314599535166
-66.7428934162658
49.82541450894391
-47.05662496743251
37.70148826834604
26.589713916830277
26.137868604511535
14.086584462623016
-43.58232591501432
-57.040994049904405
6.251697300127539
44.07683285045457
41.617289819761936
-48.732952387423104
-32.402502271191516
-23.215899991720136
44.9416978786928
-36.134318143562886
23.88817200573316
32.8095025287862
27.146894201782366
-22.687356882933873
-27.204875673166974
-39.55826778023722
20.468746589776096
-29.041102537372662
-45.705772710007125
42.32297584335977
36.89513829767472
-85.42290683199373
28.535910584598433
36.186340970635506
38.59511367154997
44.272741635164174
-37.98877283639338
-51.286206495887896
-39.655347006863536
47.20252982733751
-45.45521800552822
-61.50403390020739
-60.26474819590225
-49.838736090616216
-56.97718589166383
-44.26579658279909
40.222096068023916
-61.17852570818496
-108.60590068437517
-62.93383580808283
-59.064332565307716
-79.65098889329435
47.343205247446036
-50.45879990346252
-54.84387874402142
-44.987333659896294
-33.79581584558694
-42.42460892698177
46.26704523034215
30.71604799978792
45.457605867632616
-60.15681115419179
-31.44849096166678
-28.120182472414676
34.0173703802081
-35.940952371027876
-38.58567334178889
-30.648920493654234
-65.91350580114923
43.74587118005332
50.0
23.440022601820633
21.838137714916442
30.99666276397033
45.55680825390262
-58.79129756662192
33.19406313753086
-51.99662738724377
41.03652755308534
48.58068521252967
-70.4553838430458
-43.20021422562093
-28.033263189921737
28.234903568505974
-50.11856415719096
24.602168494312696
21.3302642272261
49.50490685237485
23.223370321450105
-43.79123848210804
41.91654032454807
-48.136123285018726
30.090324840360136
-61.85813580307832
12.437309003957061
-27.699175162220445
48.017215173278956
-50.480843957879436
-35.5958992284165
-31.892346811695475
50.0
46.85626039427855
-40.0103444197141
13.181113945545626
48.5436440030448
-30.142912207134202
42.2261010736935
-28.20291965829855
0.07293957633417847
35.557441276138576
-64.67763882242711
43.48648113407327
-48.89523858744228
10.744978881668075
-17.88895601479308
-27.73775157655209
-73.87998049799137
41.373379938675704
-28.781773004613363
32.41595779367417
32.71293925657849
-44.21778358209037
-64.40097151057469
-34.35419021081877
21.51280125986964
34.46166720308265
16.322997093056237
26.983754960654906
-52.48917056569906
41.38583862984844
20.64859948178692
11.15104414607702
-64.08646965195524
-38.75717280455763
-43.48448303017341
-29.2794174948078
-41.12931906098815
38.67589438951617
5.066897062717558
-35.119770023035315
30.31636161656787
1.0222529264245779
-28.814059793416927
-48.768210239225255
-49.840293083255176
-35.95413981100048
-102.63394644172587
-28.46206465059881
48.37974228863395
29.850130158573677
-47.78331250721584
-32.0104084588911
41.930901900786495
-25.343025421434834
-20.4822103742146
-42.52809714410261
-46.41279824197019
-41.03488478645401
-14.7797215467956
6.739376454678215
-33.553683603161744
4.418768173927397
44.157479071675084
-30.90224292973461
-32.80910876529927
-0.27087592853635556
45.998453416238036
-59.96731793508685
-54.83894452713196
-27.9565878638704
-39.55115029842065
45.945108665233505
-28.348190204634598
-32.740624661517415
26.696578204989667
33.56746400636433
43.010137278778444
-47.746440009071236
-69.92705874718361
10.484934441939167
-74.13041306675461
-41.114538965353
-82.47990729853788
-60.30227967332592
-58.342919573582876
-85.7233156314088
-68.04585252380791
-103.36113729036508
-74.00158786966173
-76.59596877196397
-65.92934471648266
-65.23848332888477
-66.6262954892038
-47.72410359520415
-47.059635729597495
-66.4607986035345
37.30178435507507
-53.582405408349395
-58.580066646986445
-36.38656337324655
-12.848904229355128
-48.29340449423973
-35.067887319096066
-47.53992300415052
-44.00117799081803
-22.506822757518606
18.30814031886928
-32.85423867280818
-32.116013311013724
-24.549737801912027
38.09780348130772
-31.10316117226952
-41.60202647399691
-37.49185447009627
41.71803720794605
-40.623479022777644
16.776304459145045
-44.83156233063174
29.524890206315238
-39.93799485378072
-33.97128104686773
-52.69029104234773
32.028041453585445
-47.326317821924874
-56.26027283345899
-40.51822388511998
25.695337685485665
-35.601305933878095
-36.071741148236995
-29.003147843394476
-19.3855696432947
-69.76035279777544
46.78288318590306
-31.900124883265494
10.831535455205639
-45.92344501721478
-38.09988400239521
37.54247972711531
-52.36264434398965
0.8774081852710793
-66.75827865932517
26.5420597663894
-94.73750153287367
22.931366757663167
40.32517752794838
-35.52742996083432
39.535645714073155
33.480888850155424
34.802202164547346
35.029274148552204
43.599151187284896
-34.962959147838205
-65.56799333386337
16.30616515801257
50.0
39.15457474668294
32.02803569815384
-94.93020953092856
-99.31473377003448
-53.36882956440544
9.376355523741985
-68.02150541046102
38.88425651496408
-34.33690815857365
-44.11995896674041
-45.37967104609057
-62.35488234929845
-63.42346629270103
-78.8435448267312
-54.11546947498298
-44.7088901107813
-51.11083648043976
-19.5118949667243
-47.980085770304456
-58.33042194004372
-86.49000353562018
48.87530580930647
-37.324964673881006
-107.7959311633812
-41.26089305232224
39.398069145331974
-27.383737926451193
47.86158477895218
50.0
49.817673506767754
50.0
-34.927752893988675
17.059181670181076
33.21494837179303
-46.73156396175554
34.00512455288026
-47.332763478087664
-13.359512190401254
-58.49695171022884
-35.69720853580899
5.620161685102623
-82.87828014653103
-32.144496665639195
-64.58826675197191
-42.40216088942793
-39.381360346902916
-41.29670756709316
-53.02545955287425
35.01880574948623
-66.04150137126199
-93.8054742492904
-43.32445319271896
-62.05803584107917
-36.19570271444051
-50.84719745214661
-48.209492158519325
-35.61429983243755
-36.52901960262515
-42.46696195546925
-65.40863624811443
-48.74334063711568
27.618605133158848
-48.427657765365346
36.06408023325541
24.93908975998466
-31.160748095978413
-27.606395773470506
49.34276552283802
39.19956343875963
34.51064743639533
-26.44946319962023
38.79161207217608
33.99522898929163
49.32191647850615
-6.503787761036399
48.98526226060955
31.958943136180718
24.08686830036044
45.43350832619671
19.746513436693515
45.59969249638415
41.715008356422615
18.833280997584353
49.408041155253066
-53.93466618324405
36.126596628782835
-59.82580968403828
48.052380144111375
44.15587316866484
41.28307082695046
-11.004139820034048
38.89729540729912
-36.33917093534474
44.075741085627094
10.362377533335518
33.40132969237425
43.891402588673806
40.78736700833856
-34.28482691540868
48.7296132320134
19.045095488485227
45.26240491761869
-13.163397382961804
-37.76607946345009
12.487365447176238
43.403862809595616
49.416395389494014
26.739789151586447
47.89446977509486
19.178601370870467
17.690219012343405
10.378006353400146
-34.34223567627516
-44.10389960795882
49.765824417019225
-29.79006011349416
29.169406261974224
40.19810782436207
42.121323257223274
1.6385722688357944
37.60268528102901
48.92814259663858
14.218033404646391
44.55577548079569
27.87566518015537
-28.765948521311955
5.0896414617413654
42.11669008533052
-29.509380501905206
-4.666196518286341
-38.9417331186443
46.992444539429016
48.80981597623905
30.454726493853222
-34.151256799910875
39.08236211042604
23.070117164935123
33.796772378459224
46.79404457998594
35.59841163580092
-45.48624491686556
49.498838996087215
43.81327447090601
16.829730133842908
41.40082788343987
46.836183926966264
24.483945922023853
-31.842157395372606
14.790301765244472
48.361739087361656
29.7952088834475
28.970840757314665
-50.93154383883629
44.920988058061
10.936604047762131
-43.91785600062225
40.82667310750914
45.20868416013014
38.9632551935497
24.836342169210432
18.22047790397818
-12.815213525846445
39.92617316032979
45.887461792668304
38.979247708799605
14.707795528289502
50.0
-69.44366746096063
41.69467140459103
48.37134016539262
36.802386947088685
38.483828506000215
49.22398780044624
42.50774567265144
4.292607077676514
47.44488429628902
43.1618747442841
21.375116385725228
45.43416071453895
21.18507521722945
23.613466506680954
26.743639299945073
10.82400848038857
19.14817626393341
11.985204969266526
11.98713753033222
28.586388237147933
28.77270208032756
49.74791766470279
8.56201190679161
38.93305837910776
45.400155470722694
42.27202857293156
39.8326762116535
23.660898713977637
21.750048627423144
47.437678769474665
44.35446552269968
48.379516543672146
47.61046015646834
22.368407588699103
39.63066158396456
49.59709056323045
22.616555801663925
33.76105929189251
37.62470355136711
34.81369171195136
25.267373433350997
-6.345792521872532
42.80060551983104
-1.6750692818698028
30.392553234565035
32.68284756854922
-21.322757067815502
26.695199635362552
42.69668265983924
38.27530084556068
48.82827330516978
43.24631404815541
16.361400695566836
42.924192980609206
27.252163000447325
49.41784345044938
15.728349130465823
31.47532924012193
20.588088415930464
-65.42128039771465
36.09705978298853
38.864930750225255
25.61925852768573
-48.166362247119835
45.69988736927128
29.771966052479407
29.48099434727013
-25.629879650600632
47.615312349428486
4.53105182740444
47.186906605750856
12.979836673757632
35.30237791033945
46.07052889089248
49.59494775851613
46.350588750807
47.59243133704217
34.03442700906896
23.895196156099043
48.316321383947155
23.58776251126492
48.03196132712744
21.411837101396248
22.702142531018676
43.399488133006216
-21.74523307616832
49.198221488855026
32.91014555389684
36.328569861196584
5.901600289765746
-15.06773626813748
34.00459118948737
-46.123209348759275
-7.294385751125603
11.435596687346816
37.684989846991385
3.075363667707691
34.39920507861743
43.361948993164155
-50.12630951339268
18.90471066791148
42.41958073180406
27.79457991767695
37.07210405077096
37.05106654608072
13.697041516060878
32.495766033901674
-24.671324198992902
42.539928605228006
-68.23252757669371
15.658521534417886
-51.964060970223926
-62.00029467999068
36.22264121741431
-22.962650801175045
39.374292407683114
46.777848949803634
26.03617435329136
42.17141470110714
44.241495676969464
44.47572913005581
16.17440848996163
-29.04354039229752
46.384591820007756
9.589855993330609
-0.4787920893777553
38.838658721425176
46.36964059266127
6.868659028365244
-2.396149577802049
11.914060655332165
-9.68886355412699
33.803095518800546
35.57955692581105
13.55613491248041
34.62036659124768
38.207947334560004
21.53669211798493
-20.183029612113838
46.84859539398771
-3.1275598820162713
33.254026980039555
41.07654545903857
5.479915646629934
21.707055573026537
47.03498448030395
24.971691530598413
-49.90380121359839
29.177668021162397
26.48226060084663
37.84755828271597
43.02317201177673
-55.53022308682696
39.39436200709241
44.39732979281901
48.85271546668675
-36.01976904858017
37.88888351910198
18.586824939802472
-36.63980452358834
43.99681129943294
-30.077839288096133
-25.54968373281309
-37.508387418843775
32.81536839204305
48.998654217507486
-47.38617898898569
-9.144463554731416
-80.93843001891248
-14.419790259974832
-1.2768723555742483
14.756148872850922
-87.44793898181148
-54.24066966979551
-4.001203855790784
29.050845186625985
-51.287766523981986
46.529918707082025
-44.93995330817239
19.191577152558555
-38.47800394209289
11.50908901393835
-66.0982181722213
-29.821779807823205
46.99947071939205
-57.69609572434785
-62.912455446303944
-79.59284594040507
-66.44583325991975
44.48268736736808
-85.80021257345976
-74.90927499716791
-81.81685454700501
-29.01555138511802
-66.99108036940397
-65.70945235058929
-74.32379438418629
-80.6057391035938
-27.853447715816635
-44.112641281636286
-64.89321424658068
-75.93521315039378
38.181382655918554
-46.71167955624786
-41.36872109666993
-82.65102024960495
-46.678383893366224
47.50673594041442
-34.71589234791566
-53.844396024333946
-53.74997377952566
-39.91085825728236
-29.475801353362463
-50.769738658777904
-38.26511050426994
40.34284979535393
-50.121973113635356
-38.39381908974236
29.5074494487562
-36.712058422990225
33.25431082510158
32.13151030279593
-48.336481615648594
-49.026898333027525
27.940849684824812
-58.36529793913699
-26.698225272048294
-77.01575496060806
-79.29188572551386
-34.79694228280793
48.76296812775207
45.291664164082974
-36.53864281793263
-67.49266970955009
45.764848789322144
-46.7735114526337
-61.322875178573696
-45.83252362502847
-29.17215355616897
-62.7567836820094
-35.84774245885649
-33.10197622853406
-61.65233071362441
41.20909670117405
39.03337000671035
16.740496579888003
20.051502819628443
-46.00617549088761
-54.076122514660604
34.90248698143761
48.132717649786734
45.239416501973906
33.51116116485133
-92.0001292446952
39.43184550663828
-51.55924127352856
-62.86666694447925
-56.39288837928631
-136.47786252608398
-38.6540131130496
-52.49283389928669
-22.38342160070893
-107.99763284786248
19.338985606224487
45.531074101415754
-42.63527306067054
-41.77719520092959
-33.14369512354052
32.843292977312444
-45.48469295916725
-31.273055833145474
47.81737448923145
42.85782342507946
-35.07691093791592
-16.52144500362266
32.04136408658624
-54.25304637200815
-57.123293501998944
-26.49745555480138
-29.358765325401507
-29.287269721390473
-31.25889546958894
38.729300091566785
28.83677620791363
45.89172460250792
-46.3226265223437
40.62794595331472
9.707729043576236
-16.629623511428377
43.270809759250184
45.859550748616186
-60.31194430976096
45.56786264641824
19.588133898264626
-2.573402878392784
38.567383916665285
32.95178467511799
38.74070379161218
28.56159384190609
-5.22801551689664
29.000176054056727
41.362103192723836
22.903072747811784
8.986330166888287
49.91493086366563
46.436130741216886
49.00295266068974
43.837442497784444
28.8446139807151
35.62785605293354
46.21029357460214
42.443263633833325
33.442456385727496
-17.52630726047275
43.49993792123669
39.222756933316326
41.11218117676877
25.559508232147387
24.399436692309646
40.621495754791376
34.20543323529302
15.289345111073558
17.974661946494244
7.552214378608362
17.185807520718363
-8.232442675027919
4.162706603646683
-34.674136495134036
15.37539890047531
49.54093682694493
35.98922697063342
14.3992744054175
15.432561080915875
49.704556446789276
30.8705300842966
46.89548044616665
28.935402895925062
-41.54568521226242
19.66507722046163
-61.89497183173917
-6.637369617328609
34.85129782562919
45.44327532109183
-35.50123304855367
25.526157815633393
-12.901061641057233
-48.03729800998805
17.440815570414365
-53.92520024917249
33.86731461328798
-54.869280929372266
-38.82796687101207
-44.91376377603153
18.73377712228056
-47.84465251600283
-51.822409915102895
-64.12882486590478
-64.56661597659787
-77.82210777427586
13.219670488751262
-44.80825288926355
-75.71466491399724
-77.23783046032935
49.594394952596865
38.06211225687982
2.1506410651911025
-10.879928844272705
19.35298417802886
41.10550413352668
42.082292906841815
-51.787961321954135
49.41860819739181
-46.95467353858946
-75.40633633613305
44.31061308291827
26.53475636286681
49.757462512620364
-63.34025284419311
42.52119320594307
13.39686728467074
36.64348330593054
-37.52292498219495
48.66227191586312
12.2278953711212
48.28815205542339
1.1424253456660267
28.45560214217579
-2.2896842716275785
33.47515142699797
48.23016923159688
45.978358154388644
24.176389163463792
1.9211798803025317
48.369445004054015
26.390606071596
35.49763199790888
36.35252375927677
29.943169496494136
44.959160556009785
34.382580447194286
-0.2959942391391479
-28.51533398784444
49.85702715851847
-29.01082151194566
46.960453430495186
-23.076747962073664
-41.61382940308456
44.79831773061966
19.32263375624334
49.75201202936428
-33.835263457843816
44.388148589684626
48.06421697022041
-40.82103005330092
34.964253487946934
-60.79809674983679
12.952028538753098
-103.22280991192413
48.658380318103454
48.31082301194351
14.857611348882372
-65.12294516846902
30.79790971485161
37.49779070427911
43.17098475139751
-43.593183576809196
-50.125370862398746
7.2534367764055645
-56.95120409905062
-85.33302592972602
-53.2498083689607
29.969590030575652
-82.23134273947687
49.08070269856548
40.6709419152084
-68.61182772845852
43.28396882365577
-46.6286778950206
-51.09435666582037
-55.93789114568202
-48.20421464065442
-44.14148931696213
-25.357968292271043
-45.81418321204396
39.260729410847624
-46.7841431435237
-51.09233382977516
-143.66102432975296
-57.10107419166101
-48.02669777434161
21.513186591367266
34.85393825914009
-27.725323129469235
-29.80955301883135
14.438970079095533
20.087839622741317
-44.6520278342626
22.25394197832437
-22.864607188426707
34.293457176035524
-57.79628103448798
24.823581077273122
48.724644650354975
49.13407597147278
31.40217219745134
28.217713747939996
-42.46075400114876
28.556979462202197
33.10536946867933
32.10123688624762
30.801730380567047
2.698241619918427
27.03689155659211
47.35960366253567
-23.905775831491514
49.578816591396944
43.53289040203503
-27.929203741987756
47.09489420254138
-83.64485533361794
-23.4116143824415
15.884629190459236
12.695679572969148
-76.76550960889868
45.450330631272216
15.955763520185911
-47.459407306272844
38.53209847910308
-54.174074591012484
-37.88177385720779
32.15814942335942
-83.26663893325377
-115.328311902594
35.2085721093566
-34.58046014518263
-76.38259123327364
-68.83048907152869
-106.2092836543106
28.586125257007645
-60.95975492513246
-60.316848354617456
45.2317618894924
-56.80081099758638
-55.02547559157742
-61.415209646655576
48.0927477088216
-102.15760744792847
-65.56790146304625
-56.122078286373984
39.85093515845996
46.41362103577179
-89.76045689260678
41.87718150829684
-76.09636549166643
-87.37673774571446
-30.369464065034034
-100.34048983508033
32.92037165721278
-51.91420188803628
-37.210185159127136
34.539404331589694
26.99234782770966
-62.14903984503178
28.666981650550547
33.877155225467504
-86.87181007203073
-30.344964175498635
21.16932044643933
-65.76518945821822
-45.681563764495515
36.39272367110908
47.26582600380251
-58.6208262036914
-108.53418250163573
-40.314461774493
-34.01978251971779
-43.41041607360825
-42.73631273216491
-75.347778316972
-39.738257916246276
-56.93079232314934
-10.443274856562041
-35.305522513614804
-66.57319933231003
43.42318275444693
-40.453180186415096
39.095949928020495
-56.576460014208216
-36.13686218715119
-46.49847071762839
-52.87874067825668
38.01272243387005
-60.03127487113739
8.515263407256995
19.03082876166915
-39.55111003152393
-27.628767156363924
-60.90096743249765
-31.410089742928516
40.43099208384224
-51.448986102757836
44.161064054158345
-27.134919839496966
15.686178084792978
-37.384364625985505
46.97427262676619
39.944555545907846
-55.64174874883221
44.26859285472972
-65.01267165163067
-46.074559776203365
-55.92946057690909
45.69724481278387
-41.781406020999164
-29.818900225924136
44.13338998874604
39.43176867736811
39.97447224281308
-49.06576790582448
-29.93658530557828
48.57826529086677
49.35562949962967
-36.935046355713254
-38.90365492552594
13.791185365317645
-26.90035249927743
-27.047062443344483
40.241750736203656
26.9752836185306
-28.48338151526117
-80.9724244009392
-37.604089746371756
-63.4010331336433
-46.9178278729297
-55.702965294774486
-25.111881248204963
47.64895472486183
-44.26373335968198
35.84472512207824
-52.42203427746172
47.38839242454584
14.694101113864356
29.25471952811634
43.47589117438502
-26.69242922039585
44.630268653214
-3.228575414131413
25.638933312922116
42.77512601222303
-10.520253087436103
15.080562034672397
11.030231628362223
42.715622402290236
45.01563298082715
50.0
42.668840525789655
40.401476313746
17.452384724053374
27.71473619991929
29.709021280889722
47.75433629176602
45.35689002524827
43.73786364430601
43.4345621785521
27.16028612671285
47.62784638600159
21.411881489243385
-28.186928811274196
31.164970813181117
47.760757507514384
26.932527746476467
42.833723533881866
-25.434839635019767
-34.415012740148896
45.54540860101909
-49.44846613014605
20.636451972139238
31.10484012325593
14.264228729621664
27.898000841909663
-42.73667967835464
-2.793402418268272
-46.810050235405214
-63.69359866903615
49.85735973089684
38.43783955951798
-77.9931820981272
41.30445485430593
21.246960399485094
-72.6010819109299
-25.772302272106817
34.215624739804255
-54.64374929504248
-48.87051605885883
-66.46309437815468
-60.67010278991809
28.22214970370215
45.91147179617664
-32.00338393586981
-52.480824166500824
-53.24756567129461
-48.23817064398529
-46.15472265818992
-24.39479295253829
-49.41934865235637
-31.423082395161902
-27.613625868458108
34.90646637691053
-43.7130233189
31.425783072343968
-35.89905288560708
33.979850381479366
-27.953070231728336
-55.08176030025129
43.90009500131106
44.69084117057834
-35.98760887184511
40.3203612536282
43.996469865407434
28.903456978828373
-62.35977032945296
19.106433730239562
38.66664347882994
-8.382086168887568
-27.59059573229112
42.1813962659578
41.77491003434979
-25.78740344081518
42.73270765552592
-52.04424371125108
34.658335932068766
-31.367926652447533
32.39347127928182
-30.353311445876862
-47.03068844405702
17.71129038935608
19.989046347951348
-37.879467636862294
31.327151757520088
-53.65932444406431
25.33520374154628
-51.68563161272276
-42.69759410950869
28.83529646866662
-38.73246153542529
33.109411821829084
-39.72058316016928
26.504044875179577
-12.672120154400822
17.887633687569128
-24.450122380883116
-33.309316838078324
-45.97356866749494
-63.897320183199824
-55.58931862658695
-62.67176839186991
-38.11031915610999
27.851469086312513
-36.12081796326022
-59.96715091759748
-36.5294629344364
24.85900771506938
32.662163122414015
41.074010605474264
-65.75890817168471
-56.030291525311725
39.50136985117406
-23.99002246199294
-54.724528925229805
7.69523574930605
29.934125873573514
-17.91957838318727
46.60620071163243
-49.504922087927895
24.274822605601184
-27.793900639539178
9.749283285793858
37.59110208351686
35.290168651389216
31.795714584010483
39.57347613878906
34.33107760967053
18.43387413474759
25.07663692948031
36.17584692844036
-47.42418873882311
36.81765089705235
-26.560845294716295
-33.019402723787955
49.69261696240209
27.27834945905377
39.027568855575346
37.65892574542507
37.04905361891241
22.644576996077983
27.11319511899885
41.31532114253606
8.521102742686622
44.678894538319014
41.402234507879726
32.64853350668645
-27.723992107998537
44.65887129741252
43.703391775314955
27.837435753223183
-45.36163074148642
-48.62806307739792
38.448723265366276
-35.72810938700861
-45.779734643192874
-42.1364173974031
18.672751903156172
-53.011793749622115
-66.92653308777464
-55.07697138924911
23.516596109695758
-61.09573068846641
45.24410963484845
-61.142417948793145
-39.71746866359145
38.75944567299653
49.95034439132259
48.06581244715044
31.067659780390823
-46.79925414374055
27.014576412334847
50.0
37.66934501634873
47.930674606232934
49.5831931453003
-18.288258024511862
48.485818591831936
45.8280105126778
33.89519044595313
44.89178853930246
3.44922089695649
48.801795173077885
17.12931805324301
-60.26282687511585
23.416261714787737
29.134518537074058
36.7843272001386
27.15071687648604
47.268614072621
14.896738235499384
26.368354713813094
-39.67660889386588
-30.76250460214185
37.34681250312401
-55.05791716719612
-42.50089107218022
46.106306855507455
36.38896809736714
41.018013789886965
42.50058416049854
-37.954000634985064
31.448608776964853
35.00138619321233
49.74822931996301
23.457757968844984
-28.379410104977012
-70.38666770217381
21.722356065830517
43.882351512070926
-25.315434987906443
9.851439823289823
10.308616833792513
20.30157454116122
-22.192544704770384
2.522379422798231
43.180457032704155
33.83358719820694
-10.862144040430906
38.30825551676527
21.67338802483921
23.688724748873966
27.57502019071094
39.913463563143935
45.57944615946306
-35.251794191090745
-47.00515065256914
25.9198243912941
44.01506558509369
25.47403175091419
40.14612764360288
25.06559856564351
-57.69404869558736
-31.356033720693063
33.623554480795065
40.0198625643204
17.133418568744624
-3.9147997268697026
48.566772720856285
-46.98830099150315
25.541162728300712
49.679052717828085
10.02777473728019
45.57321490738602
-47.85604729349593
4.25527856721537
-34.733435141086815
50.0
18.805322338188567
-58.53394952905986
10.2355742040087
37.98604855047153
-38.500142768814186
39.98058894491777
-47.15197165906765
44.439432985236735
-2.310967271743934
26.8915796436781
-57.93801761303429
27.307034078970922
43.06028307094065
26.930272139761797
7.869392918158546
28.02926820583646
34.87347204577881
-29.89268403616871
-26.96558123685433
5.310772332709014
31.497181347054955
21.315989107628404
47.936540053193994
26.512823350949756
28.236875875943873
10.43525963579156
37.81952338263672
11.950300496217146
46.921354999221286
19.755355569383923
34.000235104226945
49.45006675701269
23.488844316709315
28.038621343688348
15.23356536435329
29.391530111993397
-1.7871643014182155
47.877565942460095
44.94408930305444
13.939329061314247
47.17763927493917
40.88801711283928
18.872358249638744
19.196049503812702
34.05886926896103
40.32112712638647
25.77560102725303
10.120366581142378
0.42187366082574584
41.35477691739018
49.88735537806274
-44.3166983376079
12.724339863693864
45.394910397570534
49.53520539780549
35.36041060319308
48.94627436998998
37.15160063298602
43.46275183046376
45.85442938278741
0.14339427433635166
31.116377130341647
-54.08643996026755
22.885031621647343
22.221016582449213
35.88188339695308
-24.530475987656253
47.153102966070776
31.341321461108546
-39.73253021274699
2.6141749438567885
47.489516418984756
49.32334506083409
47.10794546512684
49.395993677046775
4.806002133931187
30.212016958102193
45.87268729227924
43.11243469870385
-13.243244339822873
38.880455086515155
-5.478827778425796
-44.532263256074756
49.72599143182709
-62.07033416301449
-35.443715394574504
42.84548069720899
-33.11389564929326
47.09301571439691
-39.94107370043551
-38.041364135157856
40.733414538298085
-38.67007801460327
-36.93809789991701
30.563929620296147
-98.7877031270725
42.01453032075056
27.020065693502353
-26.549348029815608
45.16521937181474
41.47428049466167
49.61902443894219
36.03700546616702
49.63014362853175
-39.46013807290858
27.26630811970587
43.15618721851509
29.886352761969164
26.12957061258738
36.52194422442743
46.26902021987939
36.12699871204483
20.906386251562477
34.69921803942792
45.870453226097254
48.569534441860405
32.79588261921992
29.229278691994075
32.4833542228815
-47.29500994114657
49.163935067327664
32.31515790468126
41.01055644140973
28.052280988687485
40.47701042817325
-9.814552566925286
45.034158410938566
48.13208257591081
25.264900350927906
37.73643296675712
39.140207725167045
40.704731212443455
27.41414683092315
39.578329604115844
48.804428436228115
44.218949876726555
49.190811728394735
1.859465916467407
27.51586732290584
-3.1532501035464193
-19.852493236484975
15.140009526426795
-3.096654530279096
49.7466977635142
-23.034842952888262
47.54734037155178
34.833576805731305
45.08808230480474
46.659762950082914
3.606553931378265
24.221939082373684
43.87453688115334
38.996876558592724
26.311859175518425
33.819274674008284
48.33532490046495
34.63148481021405
36.3676902405859
38.80248338272546
48.080693390698826
38.02424562434898
38.89627241141892
35.1903013420152
2.0291577182922182
40.72327457866254
41.260174832430806
48.1558155102071
21.56973428639955
37.66799062510369
-10.524735453447548
44.05209517045356
18.438139115426413
34.39869679692714
-30.52936318472215
33.45137015436801
35.5405064925633
18.847242562454326
30.943868624838586
-65.27888641552892
36.51640440307908
31.380699229947634
40.77835245226465
29.755565557621367
-30.758430198941994
29.91636876149734
-76.92005550264422
29.573666134311715
45.95940639056766
23.390547286880278
-32.42303884090764
24.40087059939116
-26.086151833197068
44.95239441053371
40.320686470152424
-17.21654051123593
-20.636873596093217
30.66697821930738
-22.073431474239264
28.199308599783627
40.90737116198799
38.40648163110433
17.15077176271965
50.0
-49.92304866993573
27.611774224002534
38.762734176814774
42.48282891326824
-64.16050530830262
35.86241894770324
-33.607996716446266
45.54404898347664
-38.56032967706017
44.09783385186938
7.018003320073589
49.427664080526185
39.42905069845708
-14.251184572434795
42.16939921279099
25.65727780041076
24.88689017500132
24.178584159212132
39.874070682862936
29.13751614894628
37.02861603724179
-26.81765998280687
40.06801991407323
36.140658437172995
45.96589863888707
-36.09192288253103
32.97002369970741
28.07071443017769
20.564632099928897
23.509341375062117
45.23857867496248
25.072028518094214
42.197963911880606
13.186301628406788
44.490173520569265
47.47468630693823
35.56379312214838
37.97513275238397
32.681169583255006
6.152635240432886
25.562426771766244
35.95049928721883
48.770499477609576
-52.9144671873953
36.583273500294126
49.522056427683246
45.25660994560951
-50.77651414907756
-56.54997922132775
-28.978095422546136
31.612054630906332
36.41648574059846
41.36313199045192
32.182422916101096
47.379240865266475
-43.0569508639929
35.87573964451428
17.358729314353617
-34.311030693496036
-48.394231711461686
14.14235020871837
29.55487104554378
-38.48709620813696
17.545932585178527
48.54734687459646
36.236676028826
-32.17183914977777
46.45966330892031
30.849349778944703
-35.552017323163724
2.233944123303715
-37.882077627129995
-32.7840186462553
-48.20827279519991
27.024882420580177
28.85353668714607
27.815954588089014
42.79867427413449
3.2121330804813297
-25.882523109949346
25.10967636215478
27.283029991053954
42.397658172490395
-35.929646778982274
48.569771404623616
31.445357962741827
48.97212332828449
48.23467169683901
48.85361834782329
29.810062437895976
-83.07264910872263
32.583515142014065
24.61760333542444
21.465049206012644
48.805088071531564
-2.207225043148604
-30.76487947665369
-60.976612947007084
47.307286590055035
15.60822975030785
45.765195994214615
30.937970639294203
49.199076601545414
43.20372432728496
40.09133709174594
19.51466551762073
-39.991972139006435
30.10879591162784
47.51028383612933
16.09576514390381
32.90477699846931
0.6244007017269197
34.643275239811075
33.6415460976001
28.623684645011583
22.00536420423365
20.84615545769016
38.25986609359916
46.69534964213708
1.571124712236248
-15.987640688841836
25.3006074638922
41.066827840308925
25.634522594939536
49.59323418082996
48.94022911756355
40.628589553601394
35.33172380573589
-65.08959980598935
49.45203988988485
28.298347807819777
-52.364707817873025
-42.151974857036144
-33.685805622438906
48.57937142765483
33.28136614629436
45.21802635940719
47.821682434508176
48.702141165210605
-32.83111746994681
22.60964931333886
-27.936472030470334
7.1374492703768055
-38.85100982648189
35.05924561619427
-36.76016459516787
35.346590579693114
17.216392422307543
-28.540778891115767
38.04680946989035
47.970710987061594
28.66807119523289
-28.16294300627337
35.60397041314421
-112.45910665237939
45.815160891803856
27.050178221679626
49.7628734807137
42.718614263569634
38.19035772027961
-1.616995435083176
-33.17184603246216
41.599271431538995
-14.26260886583215
32.275684048431366
42.05747911102225
32.269763798334125
0.07377387632701016
-25.952593069214867
29.423253279835492
-7.570298820219513
39.76309341138431
2.5781448234167215
-38.10190739749536
40.60255817211749
45.650225020110824
-42.273087168420474
19.334567386261554
48.1989546930728
-11.365829031638263
44.27228810671508
18.412821823275472
44.18708578677703
44.66359996899819
36.67002140195386
25.639270658225563
43.31973071133074
6.25636062055387
18.842943335077045
43.64037296034108
30.13473108678574
45.832822201038155
33.050224337506094
44.362874486205016
41.66440344776973
39.83820842407557
29.162836182947345
35.46203334071788
46.753226342903254
18.75356138107323
49.45329378590667
-18.445532185536322
33.995961976264255
27.370172665202265
37.0491835473027
33.53118713921238
33.231438408436844
46.473844935073174
16.080710436507744
33.5738628540472
26.611669999161997
43.01914233488109
32.7158740973654
19.91646648067661
-8.347705318452512
18.330472622004226
49.834480205120606
33.04113877511867
-21.6173657136806
43.254445162628485
-64.82065209337385
41.62374815575639
6.59753153127609
35.41453451343862
30.5069669443043
37.23828541536803
-42.7328454169415
46.31926981470397
-61.22109743073635
20.138781319572306
18.04194535802424
42.70948783077915
24.333276594920537
10.821982488496012
-26.02465855412535
-19.05969490759488
-72.07185319883726
42.37402480840474
-22.42859030721482
35.23318525579618
-32.14440237661856
26.497923541318034
44.01084918410781
39.546112185603675
-25.115098544549237
27.83716632153139
24.5424189696891
35.35853218621358
-33.23246717361992
-19.830157516879943
12.47881441405277
46.46203546114734
47.18595194422606
43.19403330132606
45.61820653045898
-28.80120814581926
43.73494206390562
47.93800764683695
-46.78235326543548
9.207918194955944
20.72621959572328
27.08004308759259
31.79377757408619
21.889831373914046
38.88582472569158
-79.69223307184942
19.757886602315256
48.82049316524874
21.538435961348128
34.06897803114441
45.55752242992014
42.40806435196735
-2.4103377886047284
15.10064902895359
18.23246040117804
30.252662954300373
41.983341799754626
41.739540218387496
20.728472309431222
-8.556988302044381
22.184282542690365
44.038030670055136
38.624190765797294
26.25044468592299
17.090586859244482
23.84419284448675
24.35276099329714
38.69497247717221
49.807070591050895
45.83861816177855
-43.86887135606538
-18.98009822588604
19.831981454175057
29.931184126049168
39.78693178248373
20.11485947241417
21.881160364321342
29.319067374922774
42.525595391043396
26.497653527654702
41.64848177885672
21.394774184392375
37.655848884818504
3.4340445680903073
7.694186868358578
-39.253720610999686
37.033433433942825
40.24512581313059
-49.667589701984724
36.08592268311969
23.934204045766535
-35.37709212285085
25.223649120062348
-8.148210333241813
-37.67058445330603
33.02402027615443
48.235205788164635
25.435658576631834
-76.94119459134377
-59.48509264490992
-31.434864023179966
-51.890610390524856
32.826381956585855
-38.088917949719736
-50.760857208772734
47.25114685930743
38.5544469505429
46.04695455945513
0.16028031980389557
5.268999918289609
20.913081463747595
-1.2163726646235347
32.68872357927758
46.23532453523113
38.11876653961912
45.49076524351858
45.44099896554645
48.973387645756816
43.535509876151735
1.9397565540953892
33.996322472831366
41.59248530470186
24.919995073224776
36.82505205900673
49.76575819515026
40.740258647204946
25.02472421276728
19.4485485460155
40.149221096241185
15.354158979084623
39.34651601728354
22.988555811400275
31.35775455292991
34.43118108737576
38.00583271100921
-7.065961943095864
26.843829680396567
30.46361749517904
7.769582297631793
39.07772941413545
44.280770689314274
20.66658772636975
15.149029153162935
19.694384246189344
48.72821614909794
6.7977496836644775
39.217346794517596
1.6674792377575045
9.245913787207677
20.338687047666
20.735982106392356
28.237118294744256
45.7111931375537
46.24136471581482
4.4573986558537655
41.82650131018786
14.49818069419726
47.69652276397844
34.07840613893768
-18.867999033588987
36.91057146957932
40.0355691440504
44.08231677166176
15.338567282655944
34.94666874073526
41.97710995550763
39.04954474258513
28.64999036248356
31.842208143293906
49.18534575318384
38.99658584931806
45.08175912223274
40.50731457360227
7.163045654022831
44.63920643544873
19.03346278114269
18.781123794319953
31.41511941283534
12.455398250316442
47.998496158179286
23.52467556723212
22.550490661983908
44.69805489817735
49.00421964969346
19.64905909714682
4.459515816999939
43.342227687410826
45.569583190982065
34.88965517453377
-1.8714175440367313
24.59563271781065
24.044859126225276
33.146895366742854
7.717314322402601
-28.43489852235538
39.28756870434885
-24.622441257972245
17.010956732767298
11.772318307944765
47.52074847081266
16.04089828700272
32.421814562095534
29.042761902853787
48.072977381743996
34.5951923964294
47.69106267852548
49.793995264070034
49.83501427714911
30.322403436334668
37.9661817162136
39.70234459543208
49.95483557110302
38.938367493638374
4.582161211671824
48.67803227584259
16.321547401702993
39.6152018223342
23.697544198641282
42.6904285637474
24.46532494752599
41.64442053828504
33.436607852463936
37.74474580973602
50.0
49.27542306637292
22.487093316996596
22.101430984814257
48.343186836838136
16.229868524894485
15.466517701761695
3.75705580756577
27.07428233423626
47.588181303171424
49.58411968538584
12.59580554249483
3.0072807077713293
36.77899370156822
30.133454880467557
36.87571440165427
-49.06127997886537
37.00570553291678
46.17220182008467
-25.25352233081584
-2.6433463328089033
7.636673670935679
44.746077305241485
45.19546872362415
19.81789922648781
-23.542083429399526
2.8125006663309478
38.92696092662239
30.44250505030036
41.57014794354849
44.04569997916812
17.78987691850994
42.03520303026754
35.217860725064575
33.90528636364644
37.35984270032514
43.76562120688662
36.58227243438842
47.189265612683556
16.20756452101874
-4.514809709831944
43.58106335174475
21.821310148137055
17.774138987532787
42.76329056290129
25.85857403571291
48.65945291747852
40.54587104691136
31.293799878708796
37.73158505172552
19.77483718955436
39.15118897438499
44.985466500761106
22.77613606015746
40.28755970503275
44.481504223082304
41.62498102767575
23.70526060995185
-14.876758927547897
38.53405866254065
48.57386339527167
38.735854411427276
44.70223341430659
9.391136990462819
-17.06703015693617
37.70974589241855
35.07969327183787
50.0
36.17311916204916
27.866111915186796
43.00312040899127
-3.461827010716476
