-283.95178571428573
-300.8857142857144
-323.13571428571436
-272.9946428571429
-309.95892857142854
-285.1607142857143
-297.4178571428572
-305.13392857142867
-272.56607142857143
-315.51428571428556
-327.24642857142857
-330.25535714285706
-282.3571428571429
-296.9249999999999
-305.08392857142854
-292.4232142857143
-329.14821428571406
-311.30000000000007
-309.92678571428576
-302.36785714285696
-306.5910714285713
-313.64642857142854
-337.517857142857
-312.68392857142857
-316.0589285714287
-309.46964285714284
-273.6125000000001
-341.02142857142854
-317.90535714285704
-321.7892857142857
-306.2428571428571
-309.6910714285713
-294.0142857142857
-306.39642857142843
-318.49107142857133
-326.5339285714287
-326.5821428571428
-318.8410714285713
-352.8250000000001
-307.9928571428572
-301.85178571428565
-319.95714285714274
-336.51785714285705
-339.34285714285727
-310.20535714285717
-345.5035714285714
-323.1964285714286
-303.95178571428585
-357.86785714285725
-354.9517857142856
-327.12142857142857
-318.07678571428573
-359.1410714285717
-347.62142857142857
-335.27500000000003
-347.3375
-359.6196428571429
-358.43749999999994
-357.9928571428569
-313.84821428571416
-327.28392857142853
-350.74107142857144
-337.4089285714284
-333.34464285714296
-347.1535714285716
-347.88035714285706
-341.11964285714305
-329.75535714285735
-394.4071428571428
-348.6857142857143
-369.02678571428584
-351.5357142857143
-354.66607142857157
-335.26964285714286
-364.71428571428584
-348.38750000000005
-390.1767857142857
-340.2535714285713
-369.1499999999998
-344.61964285714294
-380.5857142857146
-346.3142857142856
-369.03392857142876
-369.8767857142857
-358.07500000000016
-387.4982142857144
-359.67678571428587
-368.9446428571429
-371.54285714285726
-349.81249999999994
-406.3839285714286
-370.4410714285715
-365.425
-384.9035714285715
-343.5892857142856
-372.36785714285685
-336.19107142857126
-344.37678571428575
-357.24999999999994
-344.6142857142857
-364.48392857142846
-408.3678571428571
-358.6857142857145
-360.7946428571429
-354.33750000000003
-358.91428571428565
-347.6535714285715
-353.93214285714294
-395.83571428571406
-401.66607142857134
-364.8446428571431
-362.3303571428573
-380.5089285714287
-363.01964285714274
-338.3071428571428
-335.0517857142856
-371.6589285714287
-411.6767857142858
-349.2428571428572
-347.80714285714305
-383.3839285714285
-361.7107142857143
-347.74107142857144
-351.87321428571425
-366.2946428571428
-389.8589285714286
-355.0821428571428
-337.56785714285724
-354.1500000000001
-362.6250000000001
-418.8267857142858
-392.9732142857144
-386.18392857142857
-329.94642857142856
-340.2821428571427
-385.54464285714295
-386.19999999999993
-370.5910714285714
-381.39107142857125
-367.46071428571395
-354.5392857142857
-359.18571428571414
-370.6928571428571
-405.76785714285717
-369.7
-400.4499999999997
-382.69821428571424
-352.63571428571436
-377.81964285714287
-396.6517857142857
-346.17500000000007
-356.46428571428595
-370.03928571428577
-370.19107142857143
-363.8964285714286
-412.88214285714264
-366.8053571428574
-409.7035714285715
-368.7964285714285
-357.4839285714286
-433.8392857142859
-412.13392857142856
-361.21607142857135
-372.7017857142859
-394.275
-366.8375
-379.63392857142856
-377.3446428571428
-334.4285714285713
-379.4821428571428
-365.1767857142856
-386.5517857142858
-376.77678571428555
-365.2285714285715
-380.70357142857137
-379.83928571428584
-381.930357142857
-358.70178571428573
-366.55178571428564
-377.955357142857
-407.94285714285706
-381.1589285714284
-392.05357142857116
-394.37678571428586
-413.1232142857141
-411.39821428571423
-403.91428571428577
-406.5660714285715
-365.5374999999999
-357.71607142857135
-401.6089285714284
-361.77142857142866
-374.3660714285713
-374.4250000000002
-387.2375
-375.32857142857137
-424.2267857142859
-443.95357142857165
-368.5803571428571
-397.23928571428553
-369.7874999999999
-348.6589285714286
-343.0428571428569
-353.84107142857147
-349.81249999999994
-349.62857142857143
-357.41785714285726
-388.7732142857143
-364.96785714285716
-405.9071428571428
-381.0535714285714
-400.53749999999985
-338.2375000000001
-367.42499999999995
-401.79464285714283
-320.7875
-409.52678571428567
-341.5767857142855
-368.05535714285713
-375.1714285714287
-338.73035714285714
-338.82142857142856
-365.28928571428565
-367.932142857143
-388.0982142857144
-366.5767857142857
-387.435714285714
-334.4339285714285
-409.0357142857144
-371.3464285714285
-392.7321428571426
-332.0196428571431
-349.8589285714285
-341.68035714285713
-383.0089285714285
-338.34642857142865
-377.84999999999985
-335.21071428571435
-342.1714285714284
-353.5553571428571
-407.2071428571429
-326.7357142857143
-378.4214285714287
-371.37321428571437
-343.48214285714295
-317.0464285714285
-332.3107142857143
-425.180357142857
-389.84821428571416
-389.88035714285724
-408.2249999999999
-338.2107142857143
-415.6535714285714
-320.85
-321.01964285714274
-362.01428571428545
-348.3375
-334.7232142857142
-356.30892857142845
-371.8053571428573
-357.43749999999983
-367.3464285714287
-341.9089285714287
-329.10535714285714
-369.46785714285716
-339.2071428571431
-387.62142857142857
-326.44107142857126
-341.1285714285715
-359.41607142857134
-328.9214285714287
-390.0732142857143
-342.667857142857
-291.5785714285712
-377.1464285714286
-318.25535714285706
-323.294642857143
-352.9607142857143
-327.0499999999999
-330.02678571428555
-357.4017857142859
-368.4660714285712
-360.74821428571437
-348.6160714285713
-346.10357142857134
-385.98928571428576
-331.2910714285713
-353.2928571428571
-303.81964285714275
-341.1017857142857
-334.73214285714266
-351.8875
-317.48392857142863
-383.7285714285713
-362.2
-351.0964285714288
-356.9589285714285
-341.35178571428577
-337.2625
-370.3107142857144
-319.2839285714286
-316.27678571428555
-329.37678571428586
-317.0535714285715
-292.63928571428573
-348.87500000000006
-326.49999999999983
-359.7607142857143
-362.9071428571428
-321.22499999999997
-314.06607142857143
-332.73035714285714
-368.20535714285734
-375.8910714285716
-339.9803571428572
-361.5000000000001
-361.51249999999993
-325.64642857142877
-353.61607142857156
-392.53035714285744
-342.3660714285716
-351.03571428571433
-357.7178571428571
-325.14821428571435
-344.93035714285713
-388.3714285714286
-349.9410714285712
-329.61964285714294
-328.8821428571429
-360.4089285714283
-361.33035714285705
-346.1071428571426
-370.4964285714285
-326.2732142857143
-330.6285714285715
-332.0303571428569
-326.78571428571433
-347.9321428571429
-323.5875
-342.44642857142856
-349.5928571428572
-318.77142857142866
-316.725
-369.8214285714285
-305.7589285714286
-324.99285714285725
-357.28035714285727
-296.7267857142857
-340.1767857142856
-349.6446428571429
-325.0232142857143
-344.3999999999999
-355.2821428571429
-355.80357142857144
-301.7642857142857
-364.4803571428572
-357.77500000000003
-309.69107142857155
-321.2910714285714
-330.9232142857144
-331.6714285714286
-316.4285714285716
-335.7017857142857
-330.0053571428572
-305.6499999999999
-285.44821428571424
-315.80178571428587
-343.9714285714287
-326.6767857142857
-331.7660714285714
-304.5410714285715
-308.91249999999997
-336.755357142857
-312.4339285714287
-317.62678571428563
-285.5142857142857
-340.19642857142856
-300.01785714285717
-298.58750000000003
-302.3571428571429
-321.9000000000001
-312.1714285714285
-311.99107142857144
-285.4892857142856
-296.14642857142854
-320.5714285714287
-258.8
-287.50178571428575
-272.7267857142857
-289.6267857142858
-325.00000000000006
-293.1482142857142
-269.9303571428572
-319.6946428571427
-292.93392857142857
-285.24107142857156
-293.5339285714287
-281.5696428571428
-280.8535714285715
-301.0589285714286
-293.84642857142853
-283.0785714285715
-273.7232142857142
-312.6910714285715
-299.7732142857144
-286.3875
-285.2053571428572
-298.34642857142865
-292.05535714285725
-281.65
-284.0874999999999
-262.9678571428572
-266.40892857142853
-296.8821428571428
-293.16964285714283
-277.47142857142853
-267.78035714285716
-276.9535714285714
-282.65
-252.64464285714277
-264.3910714285716
-298.55178571428576
-284.96428571428567
-290.8160714285714
-295.3999999999999
-270.7017857142856
-275.6410714285715
-279.5589285714285
-278.8857142857143
-274.02678571428567
-272.80178571428576
-266.3285714285714
-288.0035714285714
-266.6714285714285
-298.5660714285715
-275.1428571428571
-265.07321428571424
-277.49285714285713
-285.9589285714287
-288.30714285714294
-281.9660714285715
-270.1696428571429
-254.01071428571424
-269.7285714285715
-252.1214285714287
-283.8821428571428
-285.49107142857144
-272.7428571428571
-290.96785714285704
-254.77500000000003
-266.4517857142857
-243.23392857142858
-263.3303571428571
-255.68750000000009
-251.1767857142857
-262.0964285714286
-263.3732142857143
-273.2482142857142
-273.71250000000003
-265.1642857142857
-281.93035714285713
-257.6928571428571
-270.14464285714286
-266.175
-255.50714285714284
-229.6982142857142
-284.3035714285715
-272.1160714285714
-284.5303571428571
-265.0196428571429
-260.06071428571425
-284.1732142857142
-261.13750000000005
-252.27678571428575
-245.3803571428572
-279.5071428571429
-247.27857142857144
-261.2428571428572
-275.1803571428571
-265.73928571428576
-249.90178571428558
-260.0589285714286
-269.27678571428567
-272.96249999999986
-254.92678571428561
-284.78214285714284
-257.9982142857143
-284.8946428571428
-284.2357142857143
-277.9946428571429
-275.5660714285714
-294.8625
-288.5910714285712
-293.55714285714276
-307.30178571428564
-265.36071428571444
-293.40178571428584
-286.0250000000001
-285.72142857142853
-266.43749999999994
-278.0607142857143
-280.77321428571423
-270.1285714285714
-245.4142857142857
-275.3375
-297.375
-290.05
-258.73214285714283
-285.2357142857144
-281.2535714285715
-293.38392857142856
-262.4214285714285
-264.70714285714286
-316.71071428571406
-271.43035714285713
-266.59107142857135
-256.73928571428576
-260.9428571428572
-260.4571428571428
-276.56071428571425
-258.7392857142857
-250.48035714285714
-287.4124999999999
-265.4017857142857
-287.87857142857126
-266.32678571428573
-222.33035714285717
-278.975
-263.08750000000003
-232.45357142857145
-258.0875
-250.42857142857142
-251.83571428571437
-249.56607142857146
-245.78928571428565
-252.6964285714286
-240.87142857142857
-258.6017857142857
-237.33928571428572
-273.9089285714286
-235.4125
-242.45714285714283
-241.3964285714286
-230.02857142857147
-230.74285714285722
-242.56250000000003
-242.04999999999995
-252.43571428571423
-215.82499999999993
-244.90714285714284
-230.78749999999994
-254.4517857142857
-236.7857142857143
-226.27678571428564
-233.5999999999999
-203.27499999999995
-260.5571428571428
-235.22678571428565
-257.9535714285714
-265.3785714285715
-268.28392857142853
-236.34642857142848
-218.19999999999996
-248.61785714285713
-215.0178571428571
-219.55357142857144
-219.53928571428574
-227.83392857142866
-209.16785714285714
-218.6660714285714
-181.0125
-209.28035714285713
-219.01428571428568
-240.73392857142855
-228.31785714285704
-223.03392857142865
-210.22678571428568
-240.54107142857143
-177.02142857142854
-229.27142857142854
-191.45714285714283
-187.65535714285718
-187.94285714285715
-235.22857142857143
-218.09821428571425
-197.47678571428574
-208.82499999999996
-223.79285714285717
-193.97857142857148
-202.2303571428571
-236.5410714285715
-217.68214285714288
-199.73571428571438
-204.6535714285714
-192.21249999999984
-172.5125
-184.78571428571433
-177.46607142857144
-191.18749999999997
-158.1892857142857
-202.13750000000005
-221.63750000000005
-191.40357142857144
-171.03571428571433
-196.03214285714284
-171.71250000000006
-167.75
-168.73749999999998
-181.69464285714287
-162.7232142857143
-163.82142857142853
-185.2892857142857
-168.21785714285716
-146.2107142857143
-133.09285714285716
-139.82678571428562
-135.44107142857132
-128.71785714285713
-146.35357142857146
-187.29642857142852
-145.5285714285714
-131.2571428571428
-131.69642857142853
-132.5035714285714
-125.94821428571431
-29.535714285714306
-130.3892857142857
-34.78749999999998
-31.296428571428564
-131.16964285714283
-134.08035714285714
-131.85178571428568
-33.555357142857176
-133.7017857142857
-136.8767857142857
-136.46964285714287
-144.72499999999994
-139.9232142857143
-137.53214285714282
-142.15178571428575
-145.89107142857142
-157.2196428571429
-144.63035714285712
-156.675
-153.97857142857137
-155.71964285714287
-147.40357142857144
-142.21964285714282
-153.3107142857143
-151.44285714285718
-138.52678571428575
-138.30714285714288
-147.17321428571435
-153.7660714285715
-142.0482142857143
-142.23035714285723
-160.29107142857134
-150.54642857142855
-143.29642857142855
-148.8482142857143
-148.58035714285714
-139.2107142857143
-144.0982142857143
-141.18749999999997
-157.97499999999994
-152.48035714285714
-151.28750000000002
-144.46071428571426
-150.06607142857138
-153.40892857142856
-147.3160714285714
-144.10535714285712
-142.95714285714286
-151.89642857142852
-145.85714285714283
-158.08214285714283
-149.34285714285718
-144.3017857142857
-144.02678571428575
-144.80714285714282
-146.5660714285714
-140.49285714285713
-147.86428571428573
-138.77678571428572
-143.28928571428574
-139.6964285714286
-145.6107142857143
-146.2196428571429
-139.4107142857143
-138.08214285714288
-142.96428571428572
-145.2857142857142
-142.11428571428567
-156.29107142857146
-142.97500000000002
-135.55714285714282
-138.41249999999997
-146.38035714285712
-31.962499999999963
-33.860714285714295
-134.70357142857142
-142.64285714285708
-137.36607142857142
-156.95535714285717
-136.23571428571435
-31.785714285714306
-134.1785714285714
-135.62321428571428
-148.04821428571424
-34.485714285714295
-132.28214285714284
-29.221428571428575
-134.60892857142852
-144.9732142857142
-143.30178571428576
-139.1214285714286
-136.18392857142857
-142.4964285714285
-136.05357142857144
-30.15892857142859
-29.607142857142833
-139.75357142857138
-31.88035714285712
-141.72142857142856
-137.4857142857143
-135.3589285714286
-139.92499999999998
-135.51607142857145
-137.7107142857143
-31.97499999999998
-137.49642857142857
-145.80357142857144
-136.98035714285714
-137.44642857142856
-153.82857142857148
-144.21071428571418
-136.41785714285714
-140.70535714285714
-135.25000000000006
-29.467857142857113
-36.88392857142854
-141.78392857142862
-146.2
-136.26964285714286
-135.78392857142856
-29.657142857142844
-144.57500000000005
-145.67857142857142
-137.1017857142857
-34.533928571428575
-136.85714285714283
-134.92142857142855
-138.11964285714288
-31.871428571428552
-136.2964285714286
-29.260714285714272
-32.20535714285715
-137.83214285714288
-144.66428571428577
-135.19285714285715
-29.844642857142844
-134.54999999999995
-135.07678571428568
-28.907142857142844
-31.43035714285712
-148.06607142857138
-132.98750000000004
-29.22500000000005
-29.632142857142853
-35.985714285714295
-29.47500000000001
-29.21071428571426
-29.167857142857144
-32.61785714285713
-136.69464285714287
-32.41250000000004
-133.11428571428573
-28.896428571428572
-29.757142857142867
-134.51785714285717
-29.1357142857143
-136.6089285714286
-32.1464285714286
-29.517857142857167
-140.8196428571428
-143.94464285714287
-31.291071428571385
-135.09464285714284
-32.64285714285714
-138.3035714285714
-29.38214285714284
-130.4089285714286
-31.549999999999983
-29.580357142857125
-137.8410714285714
-134.90357142857138
-135.5
-134.6339285714286
-28.783928571428575
-32.10535714285716
-136.45714285714283
-32.3875
-135.46607142857138
-139.0607142857143
-29.54821428571428
-140.08749999999995
-141.63928571428576
-136.68571428571423
-29.026785714285722
-29.5517857142857
-134.79285714285717
-29.13928571428572
-30.42500000000004
-136.9428571428571
-140.92142857142863
-144.83928571428567
-139.6517857142857
-137.93571428571423
-149.02678571428575
-145.8285714285714
-139.68214285714285
-136.98749999999998
-146.5785714285714
-140.9875
-138.9714285714286
-138.99999999999991
-29.314285714285717
-145.05357142857144
-140.88392857142858
-149.62500000000009
-149.36249999999998
-142.6107142857143
-145.40357142857135
-137.86607142857147
-146.66428571428568
-143.17321428571427
-136.74285714285716
-157.9410714285715
-145.30714285714285
-141.58035714285714
-150.14821428571426
-151.51964285714288
-151.5339285714286
-145.48214285714295
-160.49642857142854
-148.84285714285713
-166.77321428571423
-168.55535714285708
-159.46964285714284
-148.98035714285712
-161.16785714285717
-172.88571428571422
-172.3482142857143
-157.79285714285714
-176.54285714285712
-159.0803571428571
-169.4767857142857
-178.35535714285714
-173.01249999999993
-155.49821428571428
-166.64107142857148
-163.56071428571425
-164.50357142857143
-170.7410714285714
-162.32142857142858
-158.5214285714286
-163.87321428571425
-169.03392857142853
-165.79285714285712
-152.43571428571428
-148.9035714285714
-162.34464285714287
-171.06250000000003
-168.9303571428572
-159.39464285714286
-159.06249999999997
-156.45357142857142
-137.32321428571427
-156.3482142857143
-148.7357142857143
-150.35892857142852
-154.93392857142857
-138.4714285714286
-149.2696428571429
-154.37321428571428
-148.39821428571423
-147.19285714285715
-150.7428571428571
-152.32857142857142
-141.80535714285708
-155.86071428571427
-143.32857142857148
-142.16071428571422
-140.09464285714276
-138.94285714285718
-154.22142857142856
-144.8357142857143
-151.17142857142858
-144.55714285714282
-147.12500000000009
-133.03035714285716
-32.124999999999986
-136.05357142857142
-136.38214285714284
-136.87499999999997
-139.51785714285714
-135.50357142857143
-141.275
-140.8571428571429
-30.055357142857176
-139.39642857142854
-142.99642857142862
-29.269642857142884
-136.2071428571429
-136.1357142857143
-135.57678571428565
-134.93750000000003
-29.155357142857156
-137.48749999999995
-135.25714285714287
-28.789285714285725
-135.25535714285712
-29.757142857142853
-29.801785714285742
-29.571428571428598
-135.94107142857138
-30.130357142857136
-134.1017857142857
-145.02678571428567
-135.50357142857146
-31.917857142857173
-137.7017857142857
-29.328571428571408
-29.337500000000006
-29.08571428571426
-29.394642857142884
-135.57142857142858
-32.45178571428572
-134.5303571428571
-138.69285714285715
-132.48392857142855
-30.65535714285717
-135.09464285714284
-151.22678571428568
-138.25
-136.95535714285717
-28.80000000000001
-31.216071428571425
-28.35892857142855
-29.282142857142873
-136.78928571428568
-140.62142857142857
-29.00892857142857
-29.446428571428555
-141.44464285714287
-134.42321428571427
-28.964285714285722
-136.36607142857142
-29.23750000000001
-135.3785714285714
-135.60714285714292
-29.858928571428578
-136.76785714285717
-138.3839285714286
-143.94464285714287
-135.97321428571428
-143.53214285714287
-141.43035714285713
-139.8232142857143
-141.78749999999994
-144.79642857142852
-151.59999999999997
-141.20000000000005
-142.64107142857142
-150.25535714285712
-147.2196428571429
-149.33035714285714
-159.20714285714283
-147.61607142857144
-146.86428571428567
-151.86964285714285
-151.69107142857135
-154.9642857142857
-146.52499999999995
-162.46964285714287
-146.5071428571429
-147.76785714285714
-140.0607142857143
-161.30178571428573
-145.33214285714286
-165.01607142857145
-149.60535714285712
-149.91607142857146
-145.49107142857144
-146.86607142857144
-141.01785714285708
-138.63571428571422
-161.6035714285714
-145.07500000000005
-144.38750000000002
-159.1160714285715
-148.5946428571429
-148.60535714285712
-151.02857142857147
-159.35178571428568
-169.81428571428572
-140.33035714285708
-144.53035714285713
-157.57321428571427
-145.16071428571425
-154.1535714285714
-157.9160714285714
-154.0767857142858
-146.65535714285716
-140.28571428571436
-147.09642857142856
-145.675
-149.22142857142856
-147.45000000000002
-140.02142857142857
-138.04821428571427
-149.1892857142857
-29.25714285714284
-142.3303571428571
-140.0517857142857
-139.89107142857142
-151.85357142857137
-137.2678571428571
-31.39464285714284
-138.57857142857142
-136.45535714285708
-140.43749999999997
-139.46964285714284
-29.126785714285703
-137.4589285714286
-135.69821428571427
-135.05357142857142
-136.06964285714278
-136.67857142857147
-134.09821428571425
-138.08928571428575
-136.17321428571435
-135.90535714285716
-29.203571428571436
-138.075
-140.35178571428565
-144.80714285714288
-29.971428571428575
-141.0357142857143
-136.01785714285717
-141.28928571428568
-134.97142857142853
-136.88928571428576
-30.119642857142836
-142.86071428571427
-29.03035714285714
-134.8821428571428
-142.02857142857147
-134.5821428571428
-135.4839285714286
-135.4089285714286
-147.33392857142857
-139.0285714285714
-136.43214285714285
-139.8160714285714
-137.98928571428576
-141.7642857142857
-134.30178571428573
-143.5053571428571
-134.63035714285712
-144.10892857142858
-140.43749999999991
-135.95892857142857
-148.2428571428572
-30.042857142857144
-145.20892857142854
-139.61249999999995
-143.52142857142866
-168.3875
-137.91249999999997
-134.80535714285713
-136.01785714285708
-135.53749999999997
-135.59107142857144
-29.548214285714323
-133.26607142857148
-134.75535714285715
-134.66964285714286
-29.001785714285703
-29.98035714285716
-29.20714285714284
-31.030357142857127
-28.583928571428586
-133.2053571428571
-29.607142857142847
-29.399999999999963
-134.52499999999998
-138.7553571428571
-150.1178571428572
-136.45357142857142
-136.74464285714285
-146.19464285714284
-155.35357142857143
-148.93571428571428
-153.6875
-139.0142857142857
-143.5107142857143
-143.92142857142855
-156.10892857142855
-151.94107142857143
-157.2053571428571
-166.48035714285714
-152.05535714285713
-162.19464285714284
-165.54464285714283
-162.34285714285713
-164.35178571428568
-152.37499999999994
-175.53214285714282
-188.5946428571429
-148.6714285714286
-165.4732142857143
-160.70178571428573
-161.96071428571423
-177.6375
-167.1
-145.51071428571427
-162.57678571428573
-170.8232142857143
-162.30178571428564
-168.55892857142854
-169.7107142857143
-163.1839285714286
-160.73928571428567
-168.31428571428575
-153.78035714285716
-156.29821428571427
-164.47321428571425
-157.7285714285714
-160.38392857142856
-173.49464285714285
-148.51071428571424
-151.65535714285716
-164.30714285714282
-145.5089285714286
-149.30535714285716
-144.85178571428568
-142.02857142857147
-149.93035714285713
-144.69107142857135
-140.04464285714286
-142.0267857142857
-141.27321428571426
-136.5821428571429
-138.58749999999998
-29.251785714285703
-139.01785714285705
-137.23035714285712
-28.744642857142864
-29.466071428571425
-135.06607142857143
-138.82678571428573
-136.50357142857143
-136.29821428571424
-29.248214285714283
-137.84285714285713
-29.260714285714315
-28.982142857142847
-29.21607142857144
-135.4642857142857
-135.67857142857142
-134.53392857142853
-29.57499999999999
-137.47142857142856
-147.29821428571424
-29.11785714285716
-134.3517857142857
-143.77142857142854
-138.07499999999996
-152.2160714285714
-155.71249999999998
-140.475
-147.64821428571435
-147.46964285714282
-143.9232142857143
-163.54107142857137
-152.65535714285716
-163.47142857142856
-191.10357142857137
-147.03928571428568
-155.78750000000002
-171.58214285714277
-186.96607142857144
-160.3446428571428
-164.29285714285714
-169.89999999999995
-156.95178571428568
-172.39821428571435
-172.3375
-156.3142857142856
-170.8821428571429
-177.01428571428565
-175.41607142857146
-182.11250000000007
-169.2125
-159.58392857142854
-150.92142857142863
-151.27500000000003
-145.94464285714287
-139.59464285714284
-138.08035714285717
-144.39464285714286
-29.750000000000014
-134.84821428571422
-30.50714285714284
-135.85892857142858
-138.67857142857136
-28.791071428571414
-137.89464285714288
-134.06785714285712
-29.36785714285716
-32.46249999999999
-139.79285714285712
-143.62857142857143
-152.63928571428568
-141.99999999999997
-138.21607142857144
-144.95357142857145
-154.89642857142857
-153.94821428571422
-140.34464285714284
-146.90178571428578
-155.23571428571432
-163.0196428571428
-162.00535714285712
-172.5035714285714
-152.92142857142858
-160.60357142857148
-175.76607142857142
-172.79642857142858
-164.48928571428564
-167.19285714285712
-171.47499999999994
-174.13750000000002
-174.2107142857143
-181.63571428571427
-207.3178571428572
-192.96607142857147
-183.4053571428571
-171.76785714285717
-175.13928571428568
-172.45535714285714
-177.25892857142858
-154.20178571428568
-168.41607142857146
-169.30178571428573
-179.96964285714282
-183.31607142857152
-155.58035714285714
-162.08928571428575
-179.08035714285714
-169.9553571428572
-160.8785714285714
-153.3767857142857
-159.96071428571426
-157.99642857142854
-142.4553571428572
-146.0553571428571
-146.74464285714285
-156.58214285714286
-143.90714285714284
-28.853571428571414
-137.3196428571429
-137.4
-138.59107142857147
-136.78392857142856
-28.917857142857116
-134.73749999999998
-133.58392857142857
-29.23392857142855
-28.908928571428575
-29.25
-134.18571428571428
-134.34999999999997
-139.2160714285714
-138.41785714285717
-141.5553571428571
-140.65
-146.37500000000003
-149.675
-155.67499999999998
-152.65178571428575
-162.30892857142854
-161.4910714285714
-169.38571428571427
-151.69464285714278
-167.59285714285724
-169.5142857142856
-171.41250000000002
-191.65000000000003
-171.42678571428564
-176.67857142857142
-185.25535714285726
-179.22142857142848
-220.86428571428587
-216.51428571428573
-185.74464285714294
-201.48035714285706
-204.5767857142857
-222.13035714285724
-178.7196428571428
-214.35714285714275
-202.77678571428584
-197.7232142857144
-201.03035714285716
-189.48392857142852
-180.36964285714285
-197.71071428571426
-187.1160714285714
-195.24642857142854
-187.03750000000002
-167.74285714285716
-166.7589285714286
-171.1053571428572
-163.35535714285717
-145.43571428571425
-166.24999999999997
-136.5589285714286
-143.98214285714283
-142.57499999999996
-141.16428571428574
-140.64999999999998
-138.1
-137.09821428571433
-29.271428571428572
-29.141071428571408
-29.128571428571448
-29.271428571428572
-28.885714285714286
-29.25714285714284
-28.858928571428606
-135.4946428571428
-29.114285714285714
-139.07321428571427
-29.49821428571427
-142.38035714285712
-140.9035714285714
-147.33392857142857
-151.83392857142857
-159.7517857142857
-151.9660714285714
-152.7392857142857
-163.76607142857142
-161.9803571428571
-164.78928571428565
-170.01607142857145
-180.6357142857143
-173.75357142857138
-171.74999999999997
-173.20535714285714
-180.5732142857144
-182.05714285714285
-178.8839285714286
-171.41607142857137
-161.7803571428571
-167.13928571428565
-169.70714285714283
-169.82142857142858
-161.09285714285713
-164.4803571428572
-172.39821428571423
-168.23392857142866
-165.97142857142865
-157.27142857142863
-149.38392857142853
-152.1767857142857
-146.06250000000003
-149.13214285714284
-152.07857142857137
-150.97678571428574
-151.84821428571433
-149.88035714285715
-140.63928571428573
-142.08392857142857
-139.7178571428572
-141.64107142857142
-139.24821428571434
-138.26250000000002
-136.99642857142854
-136.97857142857143
-139.4303571428572
-134.72321428571428
-134.2964285714286
-29.017857142857153
-28.80357142857143
-134.125
-29.35535714285716
-135.5267857142856
-29.105357142857144
-134.35357142857134
-136.07857142857145
-139.01964285714283
-142.12321428571428
-142.20357142857137
-146.21785714285707
-147.81428571428566
-147.2964285714286
-164.87142857142857
-161.8232142857143
-158.1
-169.68571428571428
-175.6107142857143
-166.78392857142862
-175.6571428571428
-174.88928571428573
-164.3160714285714
-178.94642857142858
-176.67678571428573
-182.6928571428571
-169.32857142857148
-185.74285714285716
-176.8964285714285
-167.64464285714288
-178.6035714285714
-177.0089285714285
-161.0267857142857
-171.91785714285717
-159.34107142857144
-174.13571428571433
-158.85357142857137
-149.57678571428573
-152.0446428571429
-148.16964285714283
-147.61785714285713
-150.93928571428566
-146.4392857142857
-147.38214285714287
-139.9660714285714
-142.06428571428572
-135.69285714285712
-141.39107142857145
-142.82678571428565
-141.34107142857138
-135.93035714285713
-133.39999999999998
-136.7464285714285
-135.0482142857143
-29.28392857142856
-29.028571428571425
-28.933928571428567
-134.39464285714288
-28.864285714285685
-135.20178571428573
-137.62678571428575
-140.2303571428571
-146.22678571428574
-140.45178571428562
-142.60178571428568
-146.1910714285714
-144.04999999999998
-140.60178571428568
-147.4125
-142.47500000000002
-137.025
-146.07678571428573
-143.10714285714283
-144.1125
-142.56785714285712
-144.89285714285714
-143.44285714285712
-149.6160714285714
-143.48392857142858
-152.02678571428578
-146.75357142857146
-147.4517857142857
-143.98571428571432
-144.9839285714286
-142.88035714285704
-146.08750000000003
-151.82142857142853
-145.675
-148.2517857142857
-146.64464285714288
-142.4767857142858
-139.12857142857143
-141.8125
-138.08214285714286
-138.45357142857145
-139.9107142857143
-28.516071428571422
-29.124999999999986
-28.51428571428569
-28.521428571428615
-134.43035714285716
-28.621428571428567
-134.33571428571423
-28.867857142857133
-135.44821428571427
-29.478571428571428
-134.6375
-133.98571428571424
-138.50714285714284
-142.7357142857142
-139.69999999999996
-140.27857142857144
-148.48928571428573
-146.54464285714286
-141.56249999999997
-149.8767857142857
-152.36964285714285
-152.88035714285715
-156.92499999999995
-159.2678571428571
-165.2035714285714
-157.69464285714278
-161.36249999999998
-168.06785714285715
-155.2607142857144
-155.7178571428571
-156.10714285714286
-162.87500000000009
-153.36250000000004
-157.8696428571429
-163.68392857142862
-149.22678571428574
-166.40357142857144
-170.5821428571428
-156.4178571428571
-160.25535714285718
-161.44642857142847
-149.92857142857153
-148.3803571428571
-156.09107142857147
-157.6803571428571
-149.53750000000002
-145.84642857142845
-148.41785714285706
-146.35
-141.39642857142854
-140.7607142857143
-141.49107142857142
-139.1178571428571
-138.85714285714283
-135.50357142857143
-29.67321428571428
-29.20178571428569
-29.589285714285708
-134.13571428571427
-28.842857142857156
-135.3785714285714
-133.9339285714286
-137.85892857142855
-142.20357142857142
-139.29464285714283
-144.6392857142858
-148.51071428571433
-149.29285714285717
-155.41250000000008
-160.0142857142857
-160.9696428571429
-161.68392857142862
-161.34285714285713
-170.82500000000005
-168.6178571428572
-174.72678571428568
-177.64107142857148
-178.2785714285715
-176.7857142857143
-176.8267857142857
-185.35892857142858
-187.18392857142857
-186.02321428571426
-182.15535714285718
-189.91250000000014
-191.2035714285715
-191.6125
-187.7964285714286
-196.36428571428564
-193.70357142857134
-190.37857142857143
-187.18214285714285
-183.90892857142865
-181.91071428571436
-179.94464285714284
-182.13928571428576
-184.3160714285714
-173.51964285714286
-177.26071428571427
-168.8339285714286
-171.06964285714287
-163.28571428571422
-166.34642857142856
-159.80178571428567
-160.0107142857143
-154.4
-153.61428571428573
-152.61249999999998
-152.73392857142858
-148.65357142857144
-146.63750000000002
-138.88749999999996
-135.26964285714286
-136.79821428571427
-135.1517857142857
-134.55892857142854
-28.73571428571431
-28.646428571428586
-134.21249999999995
-133.88928571428576
-29.001785714285717
-133.75535714285712
-138.43035714285716
-134.96607142857144
-136.9714285714285
-136.70178571428573
-139.77857142857138
-138.61785714285713
-140.3214285714286
-141.99642857142854
-140.90357142857147
-145.06785714285706
-148.19107142857138
-151.76428571428568
-148.90714285714284
-148.60357142857143
-150.8732142857143
-151.30357142857147
-147.44642857142858
-143.99107142857142
-147.24821428571428
-144.54821428571435
-146.8607142857142
-139.59464285714287
-147.49107142857142
-150.82142857142858
-147.54464285714292
-141.38214285714284
-144.2053571428571
-149.2678571428571
-144.5982142857143
-145.90357142857147
-144.0428571428572
-148.34464285714287
-138.87321428571428
-142.41250000000005
-141.39107142857145
-141.30178571428573
-139.58214285714283
-139.76071428571427
-140.21249999999995
-143.5160714285714
-137.76250000000005
-136.47500000000002
-135.9660714285714
-135.54642857142858
-29.22142857142856
-28.517857142857153
-28.505357142857164
-28.5214285714286
-28.546428571428564
-28.09107142857144
-28.53214285714283
-28.84464285714283
-28.51428571428569
-28.380357142857136
-136.89107142857145
-135.93571428571425
-137.03571428571428
-136.58750000000003
-137.39285714285717
-138.48214285714295
-141.70714285714286
-140.30178571428567
-142.22857142857146
-141.3375
-142.4107142857143
-139.46964285714287
-138.58214285714283
-140.18749999999994
-140.33571428571426
-143.63392857142858
-146.23392857142855
-143.34642857142856
-140.0910714285714
-143.4517857142857
-145.53035714285718
-143.5232142857143
-144.17857142857144
-141.62500000000003
-140.54642857142863
-141.70714285714283
-139.825
-144.84464285714284
-141.90178571428572
-139.6339285714286
-137.89821428571432
-136.41607142857143
-139.26785714285708
-136.71785714285718
-138.49107142857142
-134.98392857142855
-135.3053571428571
-134.88928571428573
-28.903571428571396
-134.26607142857142
-28.557142857142836
-134.88035714285715
-29.18035714285709
-28.858928571428578
-28.54464285714286
-134.21964285714284
-28.891071428571394
-29.26964285714284
-29.34464285714283
-134.28928571428574
-134.2375
-137.50714285714287
-136.1589285714286
-137.54821428571435
-140.65178571428572
-141.40535714285716
-148.65714285714282
-146.63571428571424
-146.5535714285715
-150.65714285714282
-147.86428571428567
-150.56249999999994
-154.00892857142856
-152.3946428571429
-153.13214285714287
-151.44285714285718
-155.45357142857148
-158.9053571428571
-161.49107142857142
-158.97500000000002
-157.3910714285714
-157.76964285714286
-157.07678571428573
-156.61071428571427
-152.56964285714295
-164.9035714285714
-153.99464285714288
-149.24464285714285
-153.5410714285715
-153.3517857142857
-158.00892857142867
-158.41607142857146
-154.01964285714277
-147.7839285714286
-143.85178571428565
-146.99464285714285
-142.66785714285703
-143.38035714285718
-148.91785714285714
-142.73928571428576
-140.68392857142862
-139.25
-136.99107142857142
-140.72678571428577
-135.95000000000002
-139.14821428571423
-138.12678571428572
-137.13571428571427
-29.173214285714266
-134.43035714285713
-29.049999999999997
-28.676785714285728
-28.478571428571414
-28.566071428571405
-28.407142857142844
-28.844642857142873
-28.521428571428586
-28.36964285714282
-136.7196428571429
-28.224999999999994
-134.81428571428575
-135.27678571428567
-138.63214285714284
-138.3053571428571
-136.0517857142857
-136.69464285714287
-140.4553571428571
-141.42321428571424
-142.8089285714286
-144.68571428571434
-140.5535714285714
-137.59999999999997
-140.08571428571432
-140.89821428571435
-142.9125
-141.9928571428572
-140.4928571428572
-139.02142857142852
-144.55714285714282
-140.76250000000002
-139.90535714285716
-139.58214285714286
-140.70892857142854
-136.17142857142855
-138.08214285714288
-137.69821428571424
-137.38035714285715
-136.2053571428571
-136.50892857142853
-134.1732142857143
-28.72321428571422
-28.97499999999998
-29.049999999999997
-28.70535714285714
-28.848214285714278
-28.633928571428584
-28.598214285714306
-28.853571428571428
-133.6910714285714
-28.650000000000006
-28.67321428571431
-28.973214285714278
-29.20178571428569
-29.307142857142907
-28.892857142857153
-134.80357142857147
-28.692857142857108
-28.61964285714285
-134.95
-135.92321428571427
-134.97857142857143
-29.519642857142884
-133.70357142857142
-133.92857142857144
-28.951785714285734
-135.10714285714283
-137.65
-138.1285714285714
-137.05357142857144
-138.4803571428571
-137.24999999999994
-136.98928571428567
-138.6375
-140.43571428571428
-138.78214285714284
-138.71964285714287
-139.4696428571429
-139.12321428571423
-140.10535714285714
-141.2392857142857
-139.37499999999997
-135.8303571428571
-135.6160714285714
-136.10357142857148
-135.15357142857144
-29.825000000000017
-135.01250000000002
-134.66071428571422
-29.112499999999997
-28.924999999999983
-29.13749999999999
-28.728571428571414
-134.45535714285714
-28.70535714285711
-28.43571428571427
-29.03214285714286
-28.442857142857136
-28.555357142857105
-28.416071428571428
-29.22142857142856
-28.341071428571425
-28.789285714285697
-135.2642857142857
-136.5285714285714
-136.21785714285718
-137.08214285714288
-140.86607142857144
-145.91250000000002
-142.30892857142857
-149.46071428571423
-148.0125
-148.00357142857143
-154.09821428571433
-159.7125
-159.7357142857143
-163.80357142857144
-165.2053571428572
-166.18214285714285
-167.10357142857143
-175.9375
-174.16428571428568
-176.69821428571427
-180.46071428571432
-174.0964285714286
-176.09285714285713
-176.88035714285712
-184.33928571428564
-178.35000000000002
-186.00535714285712
-180.32678571428573
-181.7035714285715
-186.0964285714286
-177.1374999999999
-186.5821428571428
-184.40535714285713
-187.2375
-180.09464285714287
-176.8
-180.17499999999998
-172.78928571428577
-173.3714285714286
-173.40178571428567
-171.84285714285716
-169.47857142857146
-164.2446428571428
-168.68214285714282
-164.45178571428573
-160.88750000000002
-162.91785714285714
-158.72321428571433
-162.18392857142865
-160.58749999999998
-150.45357142857142
-149.9017857142857
-147.22321428571428
-148.77500000000006
-144.02142857142854
-146.95892857142852
-138.41071428571428
-142.83571428571423
-141.03392857142853
-139.5017857142858
-139.37678571428572
-135.34642857142853
-137.32678571428576
-28.612499999999983
-28.705357142857153
-28.551785714285714
-28.64642857142853
-28.72678571428574
-28.96071428571429
-29.128571428571405
-134.46964285714282
-134.94107142857143
-135.7125
-135.10357142857146
-135.0964285714285
-136.56249999999997
-138.91964285714283
-137.8642857142857
-138.95714285714288
-140.23928571428567
-138.4107142857143
-140.3803571428571
-143.4732142857142
-141.2910714285714
-145.6035714285714
-144.61964285714288
-142.7857142857143
-147.48035714285714
-147.39999999999998
-147.77857142857138
-150.88214285714284
-150.78392857142853
-150.13392857142853
-150.0214285714286
-154.41607142857143
-151.8017857142857
-151.77857142857147
-155.52499999999998
-150.8946428571428
-147.97857142857146
-151.05357142857142
-152.6125
-153.03571428571425
-153.5732142857143
-154.20714285714286
-150.8571428571428
-148.51428571428568
-145.06607142857146
-143.50892857142864
-143.81785714285712
-145.86428571428567
-142.78750000000002
-141.67678571428573
-144.32857142857137
-141.93749999999994
-139.3071428571428
-140.05357142857147
-139.33392857142857
-137.46785714285716
-137.40178571428572
-140.05178571428573
-135.8017857142857
-136.44107142857138
-137.04285714285712
-135.85357142857146
-135.91071428571433
-134.8375
-29.687499999999986
-29.2178571428571
-28.958928571428572
-28.935714285714283
-29.541071428571456
-28.803571428571445
-29.01607142857145
-28.816071428571433
-28.841071428571453
-28.369642857142836
-28.4375
-28.901785714285666
-28.42857142857143
-135.29285714285712
-135.37499999999997
-135.7035714285714
-136.7464285714286
-137.13214285714287
-135.1642857142857
-137.88392857142858
-135.63928571428573
-138.17142857142858
-137.3071428571429
-138.5785714285714
-137.56071428571434
-137.03392857142856
-138.76964285714286
-139.09999999999997
-137.98749999999995
-138.46428571428572
-138.9767857142857
-141.94821428571433
-143.9017857142857
-145.4464285714286
-147.57142857142864
-149.16071428571428
-147.55892857142854
-145.04464285714283
-149.36785714285708
-151.70357142857145
-152.49285714285713
-148.30535714285716
-148.11785714285713
-149.24285714285713
-144.8892857142857
-144.8196428571429
-142.0785714285714
-141.62857142857146
-139.77321428571432
-139.7892857142857
-139.97857142857146
-138.56428571428575
-137.37321428571423
-135.89821428571426
-135.5392857142857
-136.63750000000002
-136.15714285714287
-137.01249999999996
-134.38392857142853
-135.0
-134.26785714285714
-28.769642857142856
-28.958928571428558
-28.651785714285708
-29.09285714285714
-134.52499999999998
-29.049999999999983
-135.65357142857144
-135.03035714285716
-135.08749999999998
-135.18214285714288
-137.20178571428576
-137.14107142857145
-139.18392857142857
-139.79642857142855
-141.3571428571429
-143.00714285714287
-142.01964285714286
-141.10535714285706
-144.29642857142858
-143.79107142857134
-144.57500000000002
-143.73392857142852
-143.06249999999994
-143.62321428571425
-142.53214285714282
-142.5732142857142
-142.75892857142853
-140.66785714285712
-141.99642857142854
-141.68214285714285
-143.12499999999997
-141.74107142857144
-140.89999999999998
-142.25178571428566
-141.50892857142858
-142.2285714285714
-142.23392857142858
-142.55
-142.3732142857143
-142.04642857142855
-139.43749999999997
-138.96071428571432
-138.23749999999998
-137.3553571428571
-138.46607142857144
-138.4125
-137.9410714285714
-135.72321428571425
-134.82499999999996
-134.70535714285714
-136.87142857142857
-136.05714285714282
-135.17142857142855
-134.14285714285708
-29.512500000000003
-29.023214285714303
-28.744642857142864
-28.79642857142855
-28.769642857142884
-28.80714285714285
-28.480357142857173
-28.791071428571428
-28.537499999999994
-28.708928571428572
-134.27321428571432
-28.46071428571429
-28.828571428571408
-134.62321428571428
-28.891071428571436
-135.07857142857142
-135.21428571428572
-135.8392857142857
-136.60535714285714
-137.6857142857143
-138.0571428571429
-136.38571428571427
-139.08928571428575
-138.2017857142857
-138.6642857142857
-137.7535714285714
-137.49642857142857
-138.0267857142857
-139.05178571428576
-139.225
-139.6214285714286
-138.8678571428571
-141.64107142857142
-141.73928571428573
-143.1071428571428
-145.27500000000003
-142.63749999999993
-143.51071428571422
-143.2178571428571
-141.71607142857147
-144.1732142857143
-144.46250000000006
-143.5839285714286
-142.38571428571433
-141.06071428571428
-144.98392857142852
-140.14642857142852
-141.30714285714285
-138.82857142857145
-141.16250000000002
-137.2107142857143
-136.48392857142852
-136.9678571428571
-29.01428571428569
-28.432142857142836
-134.81964285714287
-134.42857142857142
-28.75535714285715
-28.944642857142853
-29.398214285714275
-28.75535714285712
-28.98392857142855
-134.2714285714286
-29.257142857142853
-135.52857142857138
-134.7125
-135.75178571428566
-135.90535714285713
-134.66785714285712
-135.8214285714286
-136.40892857142856
-137.75714285714284
-137.60892857142858
-136.41428571428568
-136.2660714285714
-137.0517857142857
-139.88035714285715
-137.64821428571435
-137.32142857142856
-138.2875
-137.69642857142856
-137.7375
-137.85535714285712
-137.04464285714283
-138.52142857142857
-137.01071428571424
-136.9607142857143
-140.64642857142854
-136.9017857142857
-139.39285714285714
-138.2375
-137.00535714285712
-138.03214285714282
-138.20357142857142
-136.53392857142862
-138.04642857142858
-135.8875
-138.7571428571429
-135.45178571428565
-137.8303571428571
-134.76071428571427
-136.37678571428575
-135.11428571428573
-135.5482142857143
-135.63392857142858
-29.358928571428578
-29.564285714285703
-134.41428571428574
-28.816071428571433
-28.92857142857143
-28.51964285714284
-28.917857142857116
-28.56249999999997
-135.8285714285714
-135.7214285714285
-135.78035714285707
-137.6767857142857
-137.84642857142856
-138.62321428571428
-138.13571428571427
-138.8857142857143
-141.71607142857147
-140.60892857142855
-144.63571428571427
-146.83749999999998
-143.2125
-145.58392857142857
-145.86964285714282
-146.42142857142855
-146.64821428571432
-144.9142857142857
-146.06250000000003
-144.02678571428578
-145.02857142857138
-145.3357142857143
-144.59821428571422
-146.82321428571427
-148.89821428571432
-148.59999999999997
-145.64642857142852
-147.08571428571426
-145.11428571428576
-146.04642857142858
-143.64821428571423
-141.22321428571428
-143.3
-142.84285714285713
-143.10178571428574
-140.7732142857143
-140.80535714285708
-140.8428571428572
-140.94464285714287
-136.81785714285712
-139.9732142857143
-137.87857142857143
-137.24999999999994
-135.69107142857143
-28.067857142857093
-28.94999999999999
-135.61964285714285
-28.732142857142847
-28.671428571428564
-28.957142857142827
-28.764285714285734
-28.83214285714287
-28.919642857142875
-134.88571428571427
-134.2839285714286
-134.69821428571427
-135.36428571428567
-136.03392857142862
-137.19107142857138
-138.34107142857138
-137.86249999999995
-138.6839285714286
-140.01607142857142
-141.55357142857144
-142.91785714285712
-142.78750000000005
-142.01785714285705
-145.975
-147.2607142857143
-147.21607142857138
-147.1910714285714
-147.52321428571423
-148.30000000000007
-152.31250000000003
-151.45178571428568
-151.84285714285707
-153.4428571428571
-152.86071428571432
-154.13392857142853
-156.73571428571427
-152.9517857142857
-155.07678571428573
-153.78392857142853
-151.6803571428571
-153.49821428571425
-154.525
-154.58214285714286
-154.57142857142858
-151.95178571428576
-149.62857142857138
-149.8482142857142
-147.70714285714283
-150.11428571428573
-147.3196428571428
-149.04464285714286
-145.97321428571425
-147.47321428571428
-143.93214285714285
-143.46428571428564
-141.54464285714283
-142.84285714285716
-141.04642857142855
-140.275
-140.62857142857143
-140.3303571428571
-138.2875
-138.22678571428574
-137.89821428571426
-136.50535714285715
-136.4982142857143
-137.07321428571427
-136.36249999999998
-137.98749999999998
-136.2142857142857
-136.41607142857137
-135.55714285714285
-135.39107142857148
-135.11071428571427
-135.67142857142858
-135.28928571428568
-134.76071428571433
-134.53035714285716
-28.97499999999998
-134.21785714285718
-28.96071428571429
-29.035714285714306
-28.733928571428578
-28.828571428571422
-28.826785714285705
-28.626785714285717
-28.783928571428547
-135.21607142857147
-136.1285714285714
-137.9875
-137.56428571428575
-136.8214285714286
-136.40357142857144
-138.34285714285716
-137.84999999999997
-138.1785714285714
-141.01249999999996
-142.55892857142854
-142.86785714285716
-142.3732142857143
-143.62142857142862
-144.9482142857143
-145.80178571428567
-147.0428571428572
-147.7642857142858
-148.91250000000005
-150.17857142857144
-148.5535714285714
-150.22857142857148
-151.31428571428575
-150.41964285714283
-152.98392857142852
-153.4803571428572
-155.89821428571432
-155.2214285714285
-153.35535714285717
-155.06428571428563
-155.24464285714282
-153.41964285714283
-152.93928571428575
-151.18749999999997
-151.2589285714286
-151.05892857142857
-147.37857142857146
-148.65357142857138
-147.39464285714283
-147.0892857142858
-145.23214285714286
-144.28928571428568
-144.09464285714287
-144.0696428571428
-141.73571428571427
-140.69821428571433
-141.03750000000002
-137.81071428571428
-136.38035714285715
-135.24999999999997
-135.0553571428571
-135.36607142857144
-28.973214285714263
-28.76785714285714
-28.901785714285708
-134.4196428571429
-134.725
-134.66607142857148
-29.855357142857144
-135.35714285714286
-135.79642857142858
-136.51607142857145
-137.1571428571429
-138.0910714285714
-137.59464285714282
-138.43928571428572
-140.45357142857137
-140.24642857142854
-143.02857142857144
-143.68214285714285
-146.23571428571427
-146.9821428571428
-145.81249999999997
-147.09285714285716
-147.43571428571428
-149.0571428571428
-148.81785714285712
-147.8464285714286
-149.39821428571426
-149.21428571428578
-150.40892857142862
-149.76249999999996
-149.6107142857143
-149.5553571428572
-151.15535714285713
-149.925
-152.41785714285714
-150.66607142857143
-151.96071428571423
-152.4232142857142
-150.76785714285717
-152.93035714285722
-151.19464285714287
-151.91785714285714
-151.65535714285713
-152.63928571428568
-152.21964285714284
-152.44107142857138
-149.74464285714282
-152.2214285714286
-150.96964285714282
-149.06428571428566
-151.4125
-148.68035714285716
-148.69107142857146
-148.48035714285714
-148.13392857142858
-145.11964285714288
-146.97678571428574
-145.16250000000005
-144.62321428571425
-145.18749999999997
-143.39464285714288
-141.63928571428568
-143.1875
-144.6517857142857
-143.98035714285714
-142.57500000000002
-140.73571428571432
-141.63214285714284
-141.14107142857142
-139.5910714285714
-140.99821428571428
-140.02857142857138
-140.28928571428574
-139.9
-139.46071428571432
-138.9892857142857
-138.65714285714287
-136.91964285714283
-138.42321428571427
-137.27321428571432
-137.47142857142862
-137.7678571428571
-135.71964285714284
-136.76071428571427
-137.13928571428568
-135.16964285714283
-135.43392857142848
-134.74464285714288
-134.82499999999996
-29.57321428571433
-135.05892857142857
-29.087500000000006
-29.180357142857133
-28.96250000000002
-29.162499999999994
-29.09642857142856
-28.908928571428547
-28.871428571428567
-28.755357142857164
-29.10714285714286
-135.3
-135.75000000000003
-135.98571428571427
-136.98749999999995
-137.0410714285714
-137.64642857142857
-138.81428571428572
-140.48750000000004
-139.60178571428568
-138.85535714285717
-140.0464285714286
-137.31607142857143
-138.33749999999995
-137.39107142857145
-136.47321428571428
-136.42857142857142
-137.0446428571429
-136.0125
-136.26607142857137
-135.91607142857148
-135.56249999999997
-135.8714285714286
-28.853571428571442
-28.869642857142807
-135.0910714285714
-135.3946428571429
-135.42142857142858
-135.39642857142857
-28.801785714285685
-135.1107142857143
-28.810714285714255
-28.796428571428592
-28.84107142857141
-29.051785714285714
-28.84285714285714
-28.83571428571429
-28.766071428571408
-28.749999999999986
-28.771428571428572
-28.81964285714284
-29.05714285714282
-28.833928571428558
-28.833928571428586
-28.96607142857144
-29.141071428571408
-29.06785714285715
-29.191071428571448
-29.032142857142873
-29.285714285714278
-134.51607142857142
-29.55714285714285
-134.65892857142856
-134.8928571428571
-29.435714285714255
-29.08035714285711
-29.15714285714286
-29.32142857142857
-29.08571428571426
-28.950000000000017
-28.910714285714292
-28.97500000000001
-29.37321428571427
-135.1357142857143
-29.380357142857108
-29.346428571428575
-134.96071428571432
-134.46964285714293
-29.453571428571436
-29.500000000000014
-29.089285714285737
-29.416071428571414
-29.65714285714286
-29.664285714285725
-135.16250000000002
-135.29107142857146
-135.0089285714286
-134.60892857142855
-29.86964285714288
-135.57321428571427
-29.614285714285728
-29.224999999999994
-29.35000000000001
-29.171428571428578
-28.987499999999997
-29.026785714285694
-29.116071428571445
-29.00714285714288
-29.08214285714287
-28.84642857142856
-28.933928571428567
-29.128571428571405
-29.078571428571408
-28.95535714285714
-29.148214285714246
-29.060714285714283
-29.1357142857143
-28.873214285714297
-28.821428571428584
-28.926785714285685
-28.901785714285722
-28.764285714285663
-28.7607142857143
-28.81071428571427
-28.826785714285705
-29.055357142857133
-28.901785714285722
-28.76964285714284
-28.61071428571428
-28.730357142857144
-28.873214285714283
-28.910714285714263
-135.42857142857147
-28.901785714285722
-28.576785714285705
-135.42857142857147
-135.825
-135.9089285714286
-136.4839285714285
-137.05178571428567
-136.83928571428575
-137.0642857142857
-136.36607142857144
-136.74107142857142
-136.26785714285714
-137.05714285714282
-137.56249999999997
-136.48749999999995
-136.68214285714282
-138.47321428571428
-138.625
-140.25892857142858
-140.8625
-140.72142857142856
-141.20357142857142
-140.93928571428575
-140.95714285714283
-141.90357142857147
-141.02499999999998
-140.51428571428568
-141.97142857142867
-142.2946428571428
-140.29285714285717
-139.70357142857145
-140.96071428571432
-138.89464285714286
-139.37678571428577
-139.6107142857142
-141.6482142857143
-139.0517857142857
-138.5553571428572
-139.87857142857143
-138.5339285714286
-136.98035714285714
-136.5982142857143
-136.1464285714286
-29.398214285714275
-28.828571428571436
-28.84642857142856
-28.821428571428555
-28.808928571428552
-28.928571428571402
-28.96250000000002
-29.20535714285714
-135.29821428571432
-134.57142857142853
-135.29107142857137
-136.0964285714286
-138.03571428571428
-137.66071428571422
-136.99464285714282
-138.00178571428572
-140.64999999999998
-140.9142857142857
-140.5125
-142.57678571428562
-141.66607142857143
-143.16785714285714
-143.47321428571433
-142.74999999999997
-144.0607142857143
-143.8267857142857
-146.52500000000003
-146.32499999999993
-147.00357142857138
-146.15892857142853
-149.0625
-146.54821428571424
-150.88928571428568
-149.70714285714283
-148.76785714285714
-149.34107142857138
-148.66607142857146
-148.81785714285718
-151.04642857142858
-149.3125
-147.76071428571427
-150.00178571428566
-151.74999999999994
-150.95178571428568
-150.23214285714286
-148.54999999999998
-148.9875
-148.4017857142857
-146.61785714285708
-146.8571428571429
-144.16071428571433
-143.78928571428568
-144.8232142857143
-143.6285714285714
-143.02142857142854
-141.00000000000003
-141.8553571428572
-138.75357142857143
-140.04821428571427
-140.38392857142858
-138.57142857142856
-139.00178571428572
-137.91785714285714
-138.2107142857142
-137.2053571428571
-138.42678571428564
-136.99642857142857
-136.75714285714287
-136.76249999999996
-137.11249999999993
-135.92321428571424
-137.0625
-136.8214285714285
-135.69821428571427
-135.60714285714283
-135.51249999999996
-135.6714285714286
-135.41071428571425
-135.62500000000003
-29.8535714285714
-134.91964285714283
-29.40714285714286
-29.214285714285737
-29.289285714285697
-29.103571428571428
-29.051785714285714
-28.921428571428564
-29.025000000000006
-28.901785714285722
-28.830357142857125
-28.80714285714285
-28.846428571428575
-28.83214285714287
-28.823214285714272
-28.892857142857125
-28.89821428571426
-28.8125
-28.766071428571408
-28.689285714285703
-28.95178571428569
-28.937499999999986
-28.837499999999977
-28.698214285714286
-135.38928571428565
-135.58750000000003
-29.04285714285713
-28.708928571428586
-135.2428571428572
-28.773214285714303
-135.45178571428573
-136.3517857142857
-137.17678571428573
-137.34642857142853
-137.5125
-138.13928571428576
-139.90178571428572
-140.3571428571429
-141.2875
-141.17499999999998
-142.3517857142857
-144.12678571428575
-144.54642857142858
-145.0625
-146.92321428571432
-148.4517857142857
-149.08750000000003
-150.69285714285715
-151.575
-152.67678571428573
-152.60357142857148
-151.51071428571427
-153.0517857142857
-153.62142857142854
-155.35
-154.16964285714286
-153.50178571428577
-152.2571428571428
-152.3696428571429
-152.0732142857143
-150.76250000000002
-148.40357142857138
-147.75178571428575
-148.16428571428574
-147.20357142857148
-146.3714285714286
-144.50892857142856
-145.6803571428572
-143.7035714285714
-142.64107142857145
-141.525
-140.5196428571429
-140.73571428571424
-141.33035714285714
-139.46785714285713
-139.33214285714288
-137.66071428571428
-138.20714285714286
-136.22857142857146
-136.51428571428576
-135.68571428571428
-135.97500000000002
-135.4928571428571
-135.62678571428572
-135.07857142857142
-28.78928571428571
-28.866071428571445
-28.746428571428567
-28.885714285714315
-28.942857142857136
-29.08214285714287
-29.72678571428571
-29.507142857142867
-135.04821428571432
-29.523214285714303
-135.21428571428575
-134.63392857142858
-135.0125
-30.087500000000006
-135.79642857142858
-135.47142857142853
-135.44821428571427
-135.8
-135.98392857142855
-136.53392857142856
-136.32678571428576
-136.9821428571428
-136.73928571428567
-136.99999999999991
-136.6625
-136.53749999999994
-137.05714285714285
-137.0589285714285
-136.75
-135.52857142857144
-136.11964285714282
-135.5232142857143
-135.80178571428567
-135.41607142857137
-135.68571428571425
-135.1446428571428
-135.7660714285714
-135.02321428571426
-135.21249999999998
-135.20178571428573
-135.50535714285718
-135.63928571428568
-134.6714285714286
-29.348214285714278
-29.737500000000026
-29.5410714285714
-29.37321428571431
-28.94464285714284
-28.967857142857156
-28.81607142857142
-29.01250000000003
-28.79464285714286
-28.730357142857173
-28.939285714285745
-29.04999999999997
-28.689285714285717
-135.19464285714287
-28.733928571428578
-135.30357142857153
-135.5125
-136.82678571428565
-136.22321428571425
-137.03571428571428
-136.8892857142858
-137.8714285714286
-137.10535714285712
-138.02499999999995
-138.9017857142857
-139.4910714285714
-140.5875
-139.63750000000002
-141.24285714285713
-141.8482142857143
-142.2392857142857
-141.66964285714283
-142.78392857142856
-143.98749999999995
-144.39821428571423
-145.482142857143
-145.6339285714286
-146.3410714285715
-145.02500000000003
-146.2714285714286
-147.11249999999995
-146.22678571428574
-146.1107142857143
-145.85178571428568
-145.41071428571433
-145.86785714285722
-146.78035714285718
-145.4196428571428
-145.88928571428573
-146.2892857142857
-146.47857142857137
-144.92142857142858
-144.35357142857137
-143.42321428571432
-143.78035714285713
-142.02142857142857
-142.30714285714294
-141.04464285714283
-141.18392857142857
-140.51428571428565
-139.06428571428577
-139.22500000000005
-138.3285714285714
-137.32142857142856
-137.38928571428573
-136.20714285714283
-135.97499999999997
-135.56785714285715
-135.43571428571428
-29.14285714285714
-28.916071428571442
-29.03035714285714
-28.973214285714292
-29.051785714285714
-29.230357142857144
-29.321428571428598
-135.00892857142858
-135.06785714285715
-135.50357142857138
-135.65892857142853
-136.0803571428571
-136.34821428571422
-136.25357142857143
-136.9249999999999
-137.17857142857144
-137.34464285714282
-137.77499999999998
-137.4035714285714
-137.66428571428574
-137.49464285714288
-138.21964285714282
-139.15178571428572
-139.42678571428564
-139.25
-139.35535714285712
-139.07142857142858
-139.4089285714285
-140.12142857142854
-139.6035714285714
-140.20178571428565
-139.22142857142862
-140.50714285714287
-139.5625
-138.67678571428573
-138.54642857142858
-138.51607142857145
-139.10535714285712
-138.4339285714285
-137.33571428571432
-138.68035714285713
-137.52321428571426
-137.32857142857142
-137.89464285714283
-137.43749999999997
-136.77499999999998
-136.82857142857137
-136.75535714285715
-136.86785714285716
-136.32142857142853
-136.24642857142857
-135.7464285714286
-30.05000000000004
-135.3232142857143
-135.2107142857143
-29.569642857142867
-29.564285714285717
-29.803571428571416
-29.58214285714284
-29.20178571428572
-29.228571428571414
-29.016071428571436
-28.98214285714286
-28.89107142857145
-28.91428571428571
-28.75892857142857
-28.955357142857125
-28.99464285714288
-135.33392857142854
-28.857142857142847
-135.49107142857142
-135.55178571428576
-135.67857142857142
-135.4196428571429
-136.38750000000005
-135.78750000000005
-136.28035714285713
-136.7357142857143
-136.5285714285714
-137.4857142857143
-138.58571428571432
-138.78928571428568
-139.66071428571428
-140.6303571428571
-141.44821428571424
-141.2
-141.68749999999994
-141.45535714285708
-142.78035714285716
-143.0946428571429
-143.79285714285712
-145.08392857142857
-145.03392857142856
-146.70357142857148
-148.29464285714292
-146.98749999999995
-147.3803571428572
-146.0196428571428
-146.04464285714292
-146.6625
-147.18749999999994
-147.48392857142855
-146.52321428571426
-146.82857142857137
-146.1607142857143
-146.36785714285708
-147.0910714285714
-145.8053571428572
-147.1178571428571
-145.3375
-145.44821428571422
-144.77678571428575
-144.12321428571428
-142.7517857142857
-141.6410714285714
-141.54107142857143
-140.1392857142857
-139.32142857142858
-139.22857142857146
-138.8214285714286
-137.23571428571427
-136.58928571428572
-136.69821428571427
-136.03035714285713
-135.3446428571429
-28.760714285714272
-28.862499999999997
-28.976785714285697
-28.93571428571427
-29.160714285714278
-29.332142857142884
-29.65000000000002
-135.57500000000007
-135.25892857142856
-135.16607142857146
-136.03035714285718
-136.41964285714286
-136.68214285714282
-136.6803571428572
-136.19285714285712
-136.80178571428573
-136.40357142857144
-137.08035714285714
-136.7696428571428
-136.60892857142855
-136.51964285714283
-136.56249999999994
-137.57321428571433
-137.3767857142857
-136.67857142857142
-137.69107142857143
-137.0892857142857
-136.81071428571423
-136.14642857142857
-136.54285714285712
-136.3875
-136.4196428571429
-136.1285714285714
-136.0660714285714
-135.8446428571429
-135.08035714285714
-135.92142857142852
-135.54999999999998
-135.36964285714288
-135.17678571428573
-30.012500000000003
-29.912499999999966
-29.605357142857173
-29.30357142857143
-29.348214285714292
-29.255357142857136
-29.405357142857127
-29.266071428571436
-28.969642857142873
-29.049999999999997
-29.007142857142867
-28.90892857142856
-28.883928571428598
-29.121428571428552
-135.53214285714287
-28.84285714285714
-29.051785714285757
-29.174999999999997
-135.46249999999998
-135.70178571428576
-135.87142857142857
-137.025
-137.10000000000008
-138.3410714285714
-139.47142857142856
-141.41785714285717
-141.5392857142857
-143.4071428571429
-143.83750000000012
-144.81071428571428
-144.85892857142852
-145.3267857142857
-145.46964285714287
-144.83035714285714
-145.99821428571437
-146.8732142857143
-145.87142857142862
-146.3642857142857
-146.03214285714287
-145.08928571428575
-143.91964285714286
-145.2142857142857
-145.0035714285714
-144.7214285714286
-143.57321428571433
-143.95892857142854
-143.98035714285717
-143.45714285714283
-143.6875
-143.65892857142853
-143.07678571428565
-142.78750000000008
-142.39642857142854
-141.30714285714282
-140.69464285714284
-140.50357142857143
-139.4374999999999
-139.01428571428573
-138.9160714285715
-137.9553571428572
-138.36428571428576
-137.43571428571437
-135.9089285714286
-135.70178571428576
-28.992857142857105
-29.02857142857144
-29.205357142857125
-28.91785714285716
-28.97142857142859
-28.989285714285757
-29.21785714285714
-29.655357142857127
-29.687500000000014
-135.3464285714286
-135.2482142857143
-135.55892857142854
-135.72499999999994
-136.41071428571425
-136.22678571428574
-136.29821428571427
-137.30892857142854
-136.7285714285714
-136.7017857142857
-137.21964285714282
-137.36428571428573
-136.8160714285714
-137.16428571428565
-137.01785714285717
-136.65357142857147
-137.24107142857136
-137.6392857142858
-137.19821428571427
-137.29464285714286
-136.84642857142853
-136.81607142857143
-136.35714285714283
-136.31785714285712
-135.9964285714286
-137.17142857142852
-135.69642857142856
-136.23749999999998
-136.1285714285715
-135.9714285714286
-135.90357142857144
-136.00000000000006
-135.5821428571428
-135.4071428571429
-135.90000000000003
-135.15000000000003
-135.08928571428572
-29.576785714285734
-29.333928571428572
-29.721428571428575
-29.441071428571462
-29.19464285714288
-29.133928571428584
-29.017857142857153
-29.155357142857156
-29.21964285714286
-28.907142857142873
-28.989285714285685
-135.66071428571428
-136.1821428571429
-136.875
-137.46071428571432
-137.75357142857146
-138.40535714285718
-139.79464285714283
-140.65892857142853
-140.63749999999996
-140.56428571428572
-142.95892857142857
-143.0767857142857
-143.9517857142857
-144.12142857142854
-143.83928571428572
-144.12500000000003
-144.41607142857143
-144.40178571428575
-144.41964285714286
-144.1
-144.4982142857143
-143.73392857142858
-144.53392857142856
-143.5910714285714
-143.38214285714284
-142.16607142857137
-142.3785714285714
-143.02678571428575
-142.23392857142858
-142.72857142857148
-141.9321428571428
-142.50535714285715
-142.0714285714286
-140.82142857142853
-141.40892857142848
-141.30892857142857
-140.0892857142857
-140.48749999999995
-139.86607142857142
-139.4482142857143
-138.1625
-137.72142857142862
-137.24107142857142
-136.30714285714288
-136.23749999999995
-135.68750000000003
-28.91964285714286
-28.86964285714288
-29.10000000000001
-29.041071428571428
-29.04821428571428
-29.31428571428573
-29.435714285714283
-29.832142857142827
-135.0946428571429
-135.28214285714287
-135.4767857142857
-135.55178571428573
-135.98035714285712
-135.48035714285712
-136.06071428571428
-136.04642857142852
-136.13214285714284
-136.67142857142852
-136.5517857142857
-136.79464285714286
-136.5035714285714
-136.47321428571433
-136.24821428571428
-136.45714285714288
-136.31607142857146
-136.4357142857143
-136.17857142857147
-135.86071428571427
-135.71964285714284
-135.8053571428572
-135.75535714285712
-135.45535714285717
-29.93035714285716
-30.112499999999997
-29.703571428571436
-135.31428571428575
-32.44107142857146
-29.63392857142857
-29.432142857142836
-29.289285714285725
-29.537500000000037
-29.28035714285717
-29.09642857142856
-29.14285714285714
-29.035714285714278
-29.183928571428595
-29.048214285714295
-29.101785714285683
-28.971428571428575
-28.8857142857143
-28.994642857142836
-28.976785714285725
-29.035714285714263
-28.97142857142856
-29.01428571428569
-29.07857142857138
-135.5625
-29.207142857142827
-29.06964285714284
-29.098214285714292
-29.025000000000006
-28.976785714285697
-29.24821428571427
-29.103571428571414
-31.651785714285722
-29.085714285714275
-28.89464285714284
-29.01964285714284
-29.055357142857105
-28.94999999999999
-135.3535714285714
-135.8732142857143
-133.9625
-136.44642857142856
-136.72857142857148
-137.44642857142856
-137.63928571428573
-137.18928571428572
-137.74642857142854
-137.83928571428578
-137.27142857142863
-137.8982142857143
-137.21964285714284
-138.12142857142857
-137.98571428571427
-138.1321428571429
-139.25714285714287
-139.88035714285706
-138.69285714285715
-138.85357142857143
-138.53392857142865
-138.5267857142857
-138.35892857142858
-138.5035714285715
-137.82499999999996
-138.40357142857144
-138.12500000000009
-137.84464285714282
-137.50535714285718
-137.58928571428575
-136.96071428571432
-136.4642857142857
-29.1982142857143
-29.14999999999999
-29.067857142857136
-28.991071428571388
-29.030357142857127
-31.11607142857143
-29.108928571428578
-29.348214285714263
-29.49285714285716
-29.846428571428618
-29.844642857142844
-30.119642857142864
-135.78928571428568
-135.37678571428572
-136.26785714285714
-136.6142857142857
-136.73214285714283
-136.8857142857143
-136.61428571428573
-136.93214285714282
-137.1482142857143
-137.45178571428568
-137.8125
-137.68035714285716
-137.73571428571427
-137.90535714285718
-137.5267857142857
-137.40357142857138
-137.67857142857142
-137.71250000000006
-137.48928571428576
-137.33392857142854
-137.1767857142857
-137.1053571428571
-136.7
-136.89821428571435
-136.99642857142854
-136.40000000000003
-136.26607142857154
-135.54285714285717
-135.81607142857143
-135.66607142857137
-135.75
-135.33571428571435
-135.22500000000005
-30.0839285714286
-29.808928571428567
-29.589285714285694
-29.301785714285685
-29.33214285714287
-29.289285714285697
-29.039285714285697
-29.026785714285737
-29.05714285714285
-28.933928571428552
-29.058928571428567
-29.08571428571429
-28.9892857142857
-29.07678571428572
-29.15714285714283
-29.04642857142855
-136.01964285714283
-136.65178571428567
-137.0410714285714
-137.10892857142852
-137.30535714285716
-137.7642857142857
-138.4732142857143
-137.94285714285715
-137.87499999999997
-138.6517857142857
-138.1767857142857
-138.72857142857146
-138.47142857142853
-139.04285714285712
-138.91607142857146
-139.75178571428566
-139.75178571428572
-139.7714285714286
-139.08749999999998
-139.3607142857143
-138.74821428571425
-139.03035714285716
-139.35000000000002
-138.91250000000005
-138.68571428571428
-138.46964285714282
-139.19285714285712
-138.5035714285714
-138.5
-138.7321428571429
-138.03035714285718
-138.17678571428576
-137.93035714285713
-137.35714285714283
-137.20178571428565
-136.7339285714286
-136.46607142857144
-136.01964285714277
-135.7017857142857
-29.039285714285725
-28.96428571428568
-29.06785714285715
-29.067857142857136
-29.110714285714266
-29.351785714285725
-29.62678571428573
-29.91964285714286
-135.18928571428572
-135.52857142857144
-135.45178571428576
-135.83928571428572
-135.81964285714287
-136.725
-136.2142857142857
-136.70714285714283
-136.54464285714286
-136.7535714285714
-136.91071428571422
-137.23749999999998
-136.63392857142864
-137.74642857142854
-137.15892857142856
-136.67500000000004
-136.76428571428568
-136.87142857142848
-137.1035714285714
-136.91785714285712
-137.02499999999998
-136.82857142857145
-136.3982142857143
-136.28571428571433
-136.31607142857143
-136.17857142857144
-135.68571428571434
-136.12500000000003
-135.93035714285713
-135.54107142857143
-135.3446428571429
-135.4410714285715
-135.27500000000003
-29.916071428571442
-29.564285714285717
-29.405357142857156
-29.350000000000023
-29.22142857142856
-31.12678571428573
-29.044642857142875
-29.03392857142856
-29.067857142857136
-29.04285714285713
-28.935714285714283
-29.119642857142864
-29.126785714285717
-28.955357142857096
-136.39107142857148
-137.1035714285714
-137.09285714285716
-137.31964285714287
-137.7607142857143
-137.99107142857144
-138.12857142857146
-138.3553571428572
-138.61607142857144
-138.71964285714284
-139.08214285714286
-138.875
-138.80714285714285
-139.1571428571429
-139.09642857142856
-139.22678571428577
-139.17142857142855
-139.30535714285716
-139.4553571428571
-139.1053571428572
-139.09642857142856
-138.24285714285708
-138.7017857142857
-138.6428571428572
-138.60178571428577
-138.29999999999998
-137.84642857142862
-137.75535714285712
-137.5732142857143
-138.01071428571424
-137.12142857142862
-136.56428571428572
-136.08035714285714
-135.77321428571432
-135.48214285714283
-28.862499999999983
-29.141071428571408
-28.999999999999986
-29.01428571428572
-29.107142857142847
-29.233928571428564
-29.2089285714286
-29.389285714285734
-29.83928571428575
-29.812499999999986
-135.2232142857143
-29.983928571428578
-30.042857142857116
-135.62321428571428
-135.26428571428576
-135.37500000000003
-135.39821428571432
-135.4535714285714
-135.69285714285712
-135.96428571428575
-135.93928571428566
-135.90535714285713
-136.19821428571427
-136.02678571428572
-136.26071428571422
-136.16785714285717
-135.9517857142857
-136.1178571428571
-136.16428571428568
-136.01607142857142
-136.02499999999995
-135.99999999999997
-135.9785714285714
-136.00178571428575
-136.025
-135.81785714285712
-135.8625
-135.60535714285717
-135.68392857142862
-135.62499999999997
-135.76785714285717
-135.42142857142858
-30.06964285714288
-29.89999999999999
-29.908928571428547
-29.733928571428578
-29.53214285714286
-29.700000000000017
-29.439285714285717
-29.1875
-29.357142857142847
-29.0732142857143
-29.055357142857133
-29.026785714285737
-29.044642857142904
-29.151785714285708
-29.041071428571442
-29.08750000000002
-29.176785714285685
-29.226785714285697
-135.48035714285712
-29.232142857142847
-135.65714285714284
-135.60892857142852
-136.1553571428571
-136.3625
-136.72678571428568
-137.06785714285718
-137.17321428571432
-137.31607142857146
-137.39107142857142
-137.77678571428575
-137.9625
-137.71428571428567
-138.1857142857143
-138.19464285714284
-138.6017857142858
-138.38928571428573
-138.1285714285715
-137.97500000000002
-138.0535714285714
-138.0482142857143
-138.1
-137.89821428571426
-138.1339285714285
-137.4964285714286
-136.81607142857143
-137.15357142857147
-136.77857142857138
-136.7160714285714
-136.43392857142854
-136.10357142857146
-136.025
-136.16607142857143
-136.09285714285707
-136.20535714285714
-136.04642857142852
-29.051785714285714
-29.13392857142854
-29.171428571428578
-28.95535714285711
-29.107142857142847
-29.06071428571431
-29.076785714285734
-29.101785714285697
-29.20714285714284
-29.4892857142857
-29.653571428571425
-29.782142857142873
-29.839285714285722
-135.38750000000005
-135.37678571428572
-135.42857142857144
-136.01250000000005
-135.93749999999997
-136.7892857142857
-136.25357142857138
-135.79821428571424
-136.36964285714285
-136.27142857142857
-136.16250000000002
-136.6803571428571
-136.3821428571428
-136.78928571428577
-136.1660714285714
-136.5517857142857
-136.5410714285714
-136.86607142857142
-136.63392857142858
-136.82678571428568
-136.43749999999997
-136.35357142857143
-136.6321428571429
-136.83214285714286
-136.78928571428577
-136.44464285714284
-136.30714285714285
-136.17142857142855
-136.38750000000002
-136.03750000000005
-136.10892857142863
-136.04999999999998
-135.66785714285712
-29.935714285714283
-30.225000000000023
-30.06785714285712
-135.22500000000002
-135.13750000000002
-29.667857142857144
-29.458928571428586
-29.467857142857156
-29.226785714285725
-29.230357142857116
-29.073214285714286
-29.22500000000001
-29.083928571428572
-29.144642857142856
-29.05535714285716
-29.017857142857125
-29.08035714285718
-29.203571428571422
-29.212499999999963
-135.63749999999996
-136.23928571428567
-136.47857142857143
-136.49285714285716
-136.69999999999996
-136.63214285714284
-136.26071428571427
-136.3
-136.4553571428571
-136.3875
-136.7089285714286
-136.9946428571429
-136.63392857142856
-136.68214285714288
-136.44464285714287
-136.5142857142857
-136.60000000000002
-137.03035714285718
-136.9571428571429
-136.9392857142858
-136.49464285714285
-136.66428571428577
-136.76428571428565
-136.42678571428564
-136.2839285714286
-136.2071428571429
-136.0660714285715
-135.78571428571425
-136.02321428571426
-29.210714285714275
-29.135714285714286
-29.04285714285713
-29.00357142857142
-29.008928571428555
-28.964285714285737
-29.128571428571448
-28.987499999999983
-29.014285714285734
-29.069642857142853
-29.328571428571422
-29.212500000000006
-29.407142857142844
-29.548214285714252
-29.516071428571408
-29.625
-29.53214285714283
-29.90357142857144
-135.21250000000003
-135.45535714285722
-135.41964285714286
-135.6517857142857
-135.79642857142855
-135.70178571428568
-136.11964285714285
-136.16250000000005
-135.88035714285715
-136.7053571428571
-136.3607142857143
-136.46250000000003
-136.52857142857144
-136.7857142857143
-136.17857142857144
-136.575
-136.43035714285722
-136.26607142857145
-136.08571428571426
-136.24821428571434
-135.9196428571429
-135.83750000000003
-136.30178571428573
-135.4857142857143
-135.50357142857146
-29.95714285714284
-135.55714285714288
-135.3089285714286
-135.10000000000005
-29.857142857142875
-29.710714285714275
-29.766071428571465
-29.519642857142856
-29.503571428571448
-29.59642857142859
-29.45357142857145
-29.28392857142856
-29.10535714285713
-29.173214285714266
-29.09464285714283
-29.103571428571414
-29.171428571428564
-29.098214285714292
-29.03035714285717
-29.171428571428535
-29.073214285714286
-29.025000000000006
-136.03571428571428
-135.94464285714284
-136.73571428571432
-136.70714285714283
-137.02499999999998
-137.2392857142857
-137.40357142857147
-137.76785714285714
-137.24464285714288
-137.75714285714287
-138.03214285714284
-138.13571428571427
-138.57500000000005
-138.4767857142857
-138.53035714285716
-138.74107142857147
-138.3053571428572
-138.19464285714292
-138.05892857142862
-137.20178571428568
-137.07500000000007
-137.14821428571432
-136.9089285714285
-136.59107142857144
-136.40714285714287
-136.3839285714286
-136.27321428571423
-135.85
-136.17678571428567
-135.88392857142853
-135.68750000000003
-135.6321428571428
-28.975000000000023
-29.030357142857113
-28.964285714285708
-28.935714285714283
-29.108928571428592
-28.98571428571431
-29.041071428571428
-29.066071428571433
-29.27857142857141
-29.255357142857136
-29.50535714285715
-29.56428571428569
-29.65357142857144
-135.18750000000006
-135.3321428571429
-135.34107142857147
-135.3517857142857
-135.26785714285714
-135.4214285714286
-135.4625
-135.5732142857143
-135.6946428571429
-135.78392857142853
-135.9
-135.94642857142853
-135.9142857142857
-135.88928571428568
-135.9892857142857
-135.96785714285713
-135.75178571428575
-136.1053571428571
-135.60892857142852
-135.82500000000002
-135.53035714285713
-135.27321428571432
-135.42678571428576
-135.20357142857145
-135.12678571428572
-29.944642857142867
-29.746428571428567
-30.003571428571433
-135.09821428571428
-29.892857142857125
-29.71964285714286
-29.32142857142857
-29.526785714285708
-29.439285714285717
-29.419642857142833
-29.26249999999999
-29.24464285714288
-29.082142857142884
-29.053571428571416
-29.117857142857133
-29.032142857142844
-29.135714285714286
-29.080357142857153
-29.142857142857125
-28.999999999999986
-29.05535714285712
-29.014285714285663
-28.957142857142827
-29.030357142857113
-28.982142857142833
-28.958928571428544
-28.930357142857133
-28.90178571428568
-29.089285714285722
-28.994642857142836
-29.049999999999997
-28.9892857142857
-29.12678571428569
-29.08571428571429
-28.92499999999997
-28.99107142857143
-29.11428571428567
-29.10892857142855
-29.248214285714283
-29.08571428571426
-135.54642857142858
-136.0446428571428
-136.00535714285715
-136.3589285714286
-136.2107142857143
-136.21785714285713
-136.7571428571429
-136.99285714285722
-136.6303571428572
-136.52321428571426
-136.1285714285714
-136.2553571428571
-136.58214285714286
-136.54107142857143
-136.48035714285714
-136.8375
-137.0214285714286
-136.94107142857138
-136.71964285714284
-136.3571428571429
-136.01607142857145
-136.38035714285715
-135.86071428571427
-136.13571428571433
-135.72142857142853
-135.65357142857147
-29.11249999999997
-28.917857142857173
-29.08928571428568
-29.110714285714295
-28.983928571428578
-29.046428571428564
-29.075000000000003
-29.075000000000003
-29.033928571428575
-29.07678571428569
-29.150000000000006
-29.476785714285725
-29.364285714285714
-29.671428571428564
-29.935714285714283
-135.32857142857145
-135.3714285714286
-135.5535714285715
-135.71607142857138
-135.67499999999998
-135.63571428571424
-135.84107142857147
-135.85000000000002
-136.0392857142857
-136.28392857142856
-136.13928571428573
-136.29642857142866
-136.1714285714286
-136.48214285714286
-135.82321428571427
-136.1517857142857
-136.0178571428571
-135.88571428571427
-135.76071428571424
-135.9071428571428
-135.6392857142857
-135.48035714285714
-135.73392857142855
-30.208928571428544
-135.41785714285723
-135.31785714285712
-30.001785714285703
-135.16071428571433
-30.00535714285712
-135.07857142857142
-29.676785714285742
-32.12142857142858
-29.564285714285703
-29.282142857142873
-29.16249999999998
-29.09464285714286
-29.032142857142873
-29.014285714285734
-29.148214285714303
-29.00892857142854
-29.012500000000003
-28.98750000000001
-29.07499999999999
-29.10000000000001
-31.548214285714295
-29.164285714285697
-29.187500000000014
-135.60178571428574
-135.8
-135.94107142857143
-136.0660714285714
-136.3660714285714
-136.3910714285714
-136.50892857142856
-136.6589285714286
-136.81607142857152
-137.47678571428574
-137.2875
-137.35357142857143
-137.70714285714288
-137.52857142857144
-137.51250000000005
-137.39107142857142
-137.5178571428571
-137.01249999999996
-137.31071428571423
-137.47321428571425
-137.5232142857143
-137.1839285714286
-137.0178571428571
-136.9857142857143
-136.81607142857143
-136.53750000000002
-136.26428571428565
-136.2732142857143
-136.12857142857143
-136.13928571428573
-135.75892857142858
-135.65535714285716
-135.47142857142856
-29.112499999999997
-29.021428571428586
-29.049999999999997
-28.924999999999955
-29.049999999999983
-29.049999999999997
-29.016071428571408
-29.11249999999997
-29.200000000000017
-29.58750000000002
-29.598214285714292
-29.569642857142853
-29.591071428571468
-29.821428571428584
-29.78214285714283
-29.771428571428544
-135.11071428571427
-29.75
-135.26785714285717
-135.2767857142857
-135.30892857142857
-30.05357142857146
-135.22678571428574
-29.89821428571429
-135.2303571428572
-135.37678571428572
-135.4910714285715
-135.3821428571428
-30.15892857142856
-135.56607142857146
-135.29821428571435
-30.003571428571448
-135.34642857142862
-135.42678571428573
-135.36607142857144
-29.86964285714285
-30.01428571428572
-29.794642857142875
-30.055357142857147
-135.14464285714286
-30.021428571428558
-29.867857142857133
-29.94642857142857
-29.74821428571424
-29.71071428571429
-29.85714285714289
-29.446428571428584
-29.455357142857153
-29.69285714285718
-29.660714285714292
-29.412500000000023
-29.58214285714287
-29.29464285714286
-29.455357142857167
-29.18214285714288
-29.146428571428586
-29.267857142857153
-29.123214285714255
-29.332142857142856
-29.176785714285728
-29.14285714285714
-29.18392857142861
-29.07678571428572
-29.105357142857116
-29.096428571428532
-29.13035714285715
-28.987499999999997
-29.0517857142857
-29.087500000000006
-28.99285714285712
-29.053571428571402
-29.0625
-29.042857142857173
-29.078571428571465
-29.058928571428567
-29.014285714285734
-29.151785714285694
-29.11607142857143
-28.96785714285714
-29.021428571428558
-28.96607142857141
-29.080357142857125
-28.94642857142854
-28.989285714285714
-29.001785714285717
-29.01428571428569
-29.110714285714266
-29.112499999999983
-28.946428571428584
-29.096428571428547
-28.867857142857105
-29.151785714285708
-29.096428571428575
-135.47142857142862
-135.70357142857142
-136.03392857142856
-136.2892857142857
-136.10892857142863
-136.09285714285713
-136.21785714285716
-136.1107142857143
-136.08214285714288
-135.95
-136.09464285714287
-136.1625
-135.8089285714286
-135.8571428571429
-135.67142857142858
-135.8785714285714
-135.79107142857143
-135.95000000000005
-135.80714285714282
-29.10892857142855
-29.091071428571453
-28.907142857142844
-29.189285714285717
-29.155357142857127
-29.194642857142867
-29.04821428571431
-29.02857142857141
-29.12857142857142
-29.208928571428544
-29.364285714285714
-29.405357142857127
-29.467857142857113
-29.601785714285725
-29.685714285714297
-135.48571428571432
-135.4339285714286
-135.5
-135.4928571428572
-135.67857142857142
-135.65357142857138
-135.79999999999993
-135.8535714285714
-136.18392857142857
-136.19821428571433
-136.27142857142857
-136.21964285714284
-136.05892857142857
-136.08928571428575
-136.18571428571425
-135.86249999999995
-135.68571428571423
-135.44107142857146
-135.57500000000005
-135.5696428571429
-135.33749999999998
-30.021428571428558
-29.941071428571462
-29.946428571428584
-29.580357142857125
-29.700000000000017
-29.54464285714289
-29.762499999999974
-29.56428571428573
-29.548214285714266
-29.467857142857156
-29.310714285714283
-29.414285714285697
-29.203571428571436
-29.09464285714286
-29.14464285714284
-28.989285714285714
-28.992857142857105
-28.99821428571431
-29.0410714285714
-29.044642857142875
-29.087499999999963
-29.146428571428572
-29.178571428571445
-29.09642857142856
-28.991071428571445
-29.00892857142854
-28.94999999999996
-29.08571428571429
-28.996428571428567
-29.06428571428569
-29.176785714285657
-29.246428571428552
-29.116071428571388
-29.10892857142855
-29.20178571428572
-29.07499999999999
-29.0303571428571
-29.117857142857133
-135.62321428571428
-135.8428571428571
-135.55892857142862
-135.87321428571425
-135.6053571428572
-135.65714285714287
-135.82857142857148
-135.73035714285714
-135.59642857142856
-135.84285714285716
-135.91964285714286
-135.86785714285716
-135.94285714285715
-135.9375
-135.8839285714286
-135.98214285714283
-135.8625
-135.7875
-31.851785714285725
-135.325
-135.9035714285714
-29.214285714285722
-29.119642857142836
-29.14821428571426
-29.183928571428552
-29.13749999999996
-28.957142857142827
-28.964285714285737
-29.00357142857139
-29.130357142857164
-29.00535714285712
-29.069642857142867
-29.051785714285685
-29.11785714285712
-29.089285714285722
-29.119642857142892
-29.235714285714295
-29.371428571428567
-29.48571428571428
-29.446428571428555
-29.54285714285713
-29.678571428571416
-29.732142857142847
-29.944642857142867
-135.10714285714292
-135.3982142857143
-135.25535714285724
-135.5232142857143
-135.62678571428575
-135.57857142857142
-135.46785714285716
-135.61249999999998
-135.59464285714284
-135.58571428571432
-135.5875
-135.55714285714288
-135.60714285714283
-135.43214285714285
-135.29107142857146
-135.3482142857143
-135.35178571428577
-135.2750000000001
-135.1214285714286
-135.37500000000006
-29.791071428571456
-29.791071428571428
-135.04999999999993
-135.18214285714288
-29.844642857142844
-29.65357142857141
-29.574999999999946
-29.508928571428555
-29.364285714285728
-29.13035714285715
-29.069642857142853
-29.13392857142857
-29.017857142857167
-29.06607142857139
-29.139285714285734
-29.030357142857156
-29.035714285714278
-29.048214285714295
-29.001785714285703
-29.00714285714288
-28.948214285714286
-28.87857142857142
-28.991071428571416
-29.05535714285712
-135.33035714285714
-29.08571428571429
-29.087500000000006
-135.62321428571428
-135.4928571428571
-135.5375
-135.68214285714285
-135.81785714285715
-135.86428571428573
-135.81249999999997
-135.78750000000002
-136.26964285714283
-136.26071428571427
-136.3303571428571
-136.41964285714286
-136.68928571428572
-136.53035714285716
-136.35535714285712
-136.2464285714286
-136.42500000000004
-136.5607142857143
-136.6375
-136.50178571428577
-136.5678571428571
-136.52678571428575
-136.62321428571434
-136.41964285714286
-136.30178571428573
-136.13928571428568
-135.93571428571428
-135.70178571428576
-135.63214285714284
-135.39642857142857
-29.24107142857143
-135.23571428571432
-28.998214285714297
-28.953571428571394
-28.905357142857127
-29.076785714285705
-28.946428571428555
-29.13928571428572
-29.128571428571405
-29.400000000000006
-29.41785714285713
-29.41964285714286
-29.828571428571436
-29.946428571428584
-135.1464285714286
-135.3892857142858
-135.26250000000002
-135.78928571428568
-135.3517857142857
-135.57321428571433
-135.6178571428571
-135.41428571428574
-135.78392857142856
-135.5857142857143
-135.67857142857142
-135.46785714285713
-135.625
-135.37500000000003
-135.69285714285712
-135.63749999999996
-135.59999999999994
-135.4553571428572
-135.44464285714287
-135.2875
-135.3125
-135.21071428571432
-30.0732142857143
-30.012500000000017
-29.72678571428571
-29.757142857142853
-29.698214285714286
-29.821428571428555
-29.64642857142853
-29.498214285714283
-29.450000000000017
-29.564285714285703
-29.514285714285734
-29.466071428571453
-29.305357142857133
-29.13035714285715
-29.13035714285715
-29.092857142857156
-29.051785714285685
-29.214285714285722
-29.087499999999977
-29.08571428571429
-29.02321428571429
-29.03928571428571
-29.016071428571465
-29.067857142857164
-28.958928571428572
-29.03035714285717
-28.99464285714285
-29.02857142857141
-29.00535714285712
-28.991071428571374
-28.99821428571427
-28.950000000000017
-29.023214285714275
-29.087499999999977
-29.08571428571429
-29.110714285714252
-29.080357142857125
-135.67500000000004
-135.4625
-135.36964285714288
-29.16071428571425
-135.41071428571428
-29.048214285714252
-29.157142857142844
-29.030357142857127
-135.60535714285714
-135.5642857142857
-135.49107142857142
-29.169642857142833
-135.4982142857143
-135.71785714285718
-29.089285714285708
-29.017857142857125
-29.04642857142855
-29.119642857142836
-135.56250000000003
-29.108928571428592
-135.7964285714286
-135.56428571428572
-29.248214285714297
-135.90357142857138
-29.146428571428558
-29.124999999999986
-135.6392857142857
-29.124999999999986
-135.39107142857145
-29.16250000000001
-29.032142857142844
-29.051785714285685
-28.846428571428575
-28.892857142857096
-28.982142857142847
-28.91785714285713
-29.089285714285694
-28.966071428571425
-28.905357142857127
-28.992857142857133
-29.014285714285705
-29.064285714285703
-29.046428571428578
-29.125000000000014
-29.260714285714286
-29.533928571428575
-29.657142857142844
-29.832142857142856
-135.13928571428573
-29.914285714285725
-30.02321428571429
-30.01249999999999
-135.2732142857143
-135.5089285714286
-135.16607142857146
-135.3410714285714
-135.44464285714287
-135.3410714285714
-135.33750000000003
-135.34821428571436
-30.14821428571429
-135.1232142857143
-135.32857142857145
-135.22857142857146
-135.19285714285718
-135.39107142857142
-135.09464285714287
-29.812500000000014
-135.075
-29.907142857142873
-29.855357142857144
-29.678571428571445
-29.80535714285716
-29.82678571428569
-29.648214285714275
-29.594642857142844
-29.566071428571405
-29.53392857142856
-29.46785714285714
-29.380357142857136
-29.246428571428552
-29.242857142857147
-29.066071428571448
-29.017857142857153
-28.974999999999994
-29.028571428571396
-29.01785714285714
-28.951785714285705
-29.049999999999997
-28.978571428571428
-28.948214285714272
-29.121428571428552
-29.101785714285683
-29.18571428571431
-28.962500000000006
-28.95714285714284
-29.04999999999997
-29.135714285714272
-135.40892857142856
-135.4678571428571
-135.49642857142857
-135.31964285714287
-135.49821428571434
-135.4125
-135.3714285714286
-29.07499999999999
-135.25714285714284
-135.24821428571428
-28.983928571428578
-135.19821428571427
-29.233928571428592
-28.848214285714278
-135.4125
-135.36249999999998
-135.50357142857143
-135.5767857142857
-29.060714285714255
-135.3553571428571
-29.1035714285714
-29.046428571428564
-28.807142857142864
-29.03928571428571
-29.310714285714283
-29.096428571428575
-29.016071428571408
-28.958928571428586
-29.074999999999974
-28.978571428571442
-29.076785714285734
-28.875
-28.919642857142847
-29.053571428571445
-29.026785714285708
-28.96964285714283
-28.92499999999997
-29.003571428571405
-29.053571428571402
-29.092857142857127
-29.151785714285708
-29.04821428571428
-29.085714285714275
-29.139285714285734
-29.19642857142857
-29.423214285714295
-29.551785714285728
-29.660714285714263
-29.61607142857143
-29.56071428571431
-29.737499999999983
-135.00178571428572
-29.830357142857167
-29.68035714285716
-29.874999999999986
-29.807142857142836
-29.76249999999999
-135.0642857142857
-29.839285714285722
-135.22500000000008
-135.13928571428576
-29.973214285714292
-135.2214285714286
-29.84285714285717
-29.74464285714288
-134.94821428571433
-29.88392857142857
-29.658928571428575
-29.73035714285713
-29.771428571428572
-135.09642857142856
-29.841071428571425
-29.837500000000006
-29.8428571428571
-29.567857142857136
-29.710714285714275
-29.610714285714295
-29.69999999999996
-29.6142857142857
-29.648214285714275
-29.623214285714297
-29.732142857142847
-29.567857142857164
-29.737500000000026
-29.56785714285712
-29.55714285714285
-29.6875
-29.694642857142853
-29.648214285714275
-29.685714285714297
-29.491071428571416
-29.341071428571453
-29.40535714285717
-29.38035714285715
-29.23571428571431
-29.223214285714278
-29.126785714285717
-29.062500000000014
-29.01249999999996
-29.10714285714286
-28.99464285714282
-29.069642857142867
-28.924999999999983
-29.016071428571436
-29.10178571428574
-29.008928571428584
-29.141071428571408
-29.082142857142827
-29.124999999999986
-29.094642857142887
-28.999999999999986
-135.31607142857143
-135.4875
-29.11249999999997
-135.5375
-29.08035714285711
-135.41428571428574
-135.46607142857144
-135.51250000000005
-135.32678571428568
-29.126785714285703
-135.47857142857143
-29.082142857142813
-29.11607142857143
-29.14999999999999
-29.014285714285705
-135.27857142857147
-135.33928571428572
-29.142857142857125
-29.026785714285708
-28.992857142857147
-29.06071428571427
-28.98750000000001
-28.962500000000034
-28.987499999999983
-29.00535714285715
-29.012499999999974
-29.07678571428569
-29.03928571428571
-29.062500000000014
-29.064285714285674
-29.08750000000002
-29.071428571428584
-29.13035714285715
-29.30714285714285
-29.498214285714297
-29.69107142857142
-29.81607142857142
-29.785714285714306
-29.892857142857153
-135.29285714285717
-30.13392857142857
-135.2285714285715
-30.051785714285728
-135.18035714285716
-135.4214285714286
-135.44285714285718
-135.19107142857143
-135.36785714285716
-135.36071428571432
-135.56785714285715
-135.46785714285716
-135.7821428571428
-135.94107142857138
-135.78928571428565
-135.8410714285714
-135.8535714285714
-135.4928571428572
-135.61785714285713
-135.53392857142865
-135.34107142857147
-135.51964285714286
-135.59642857142853
-30.044642857142875
-135.21071428571432
-29.862499999999997
-29.66785714285716
-29.467857142857156
-29.485714285714295
-29.40535714285714
-29.376785714285703
-29.15000000000002
-29.166071428571442
-29.1142857142857
-29.141071428571422
-29.105357142857116
-29.10535714285713
-29.0
-29.082142857142827
-29.083928571428572
-28.987499999999983
-29.019642857142856
-29.00892857142854
-28.967857142857127
-29.021428571428544
-29.13214285714284
-29.051785714285742
-29.012500000000003
-31.294642857142847
-28.98035714285713
-29.149999999999977
-29.09107142857141
-29.21249999999995
-28.967857142857127
-29.007142857142853
-29.132142857142867
-29.053571428571388
-29.18749999999997
-29.199999999999974
-28.976785714285683
-29.01785714285718
-29.142857142857125
-135.43571428571425
-135.34642857142856
-28.987499999999997
-29.085714285714275
-29.157142857142844
-29.046428571428564
-29.13928571428569
-29.071428571428555
-29.125
-28.932142857142892
-29.228571428571414
-29.192857142857108
-29.207142857142827
-29.141071428571422
-29.099999999999966
-135.4892857142857
-29.166071428571428
-29.21607142857141
-28.980357142857102
-28.935714285714326
-29.08035714285714
-28.991071428571402
-28.933928571428552
-29.048214285714238
-29.16964285714286
-29.107142857142833
-29.021428571428558
-31.43214285714285
-29.01785714285714
-29.03392857142856
-28.89999999999999
-29.128571428571433
-29.04821428571428
-28.96607142857141
-29.046428571428578
-29.037499999999994
-28.939285714285717
-29.05714285714285
-28.973214285714306
-28.962500000000006
-29.09107142857141
-29.048214285714295
-28.903571428571425
-29.06785714285715
-29.09464285714286
-29.100000000000023
-29.003571428571433
-28.989285714285728
-29.01785714285714
-29.041071428571428
-28.94999999999999
-29.0517857142857
-29.078571428571436
-28.925000000000026
-28.946428571428527
-29.02857142857141
-29.048214285714266
-28.960714285714275
-28.969642857142873
-29.05892857142858
-29.010714285714243
-28.95357142857145
-28.94999999999999
-29.028571428571425
-28.9375
-28.871428571428567
-29.023214285714275
-28.962499999999977
-28.964285714285722
-28.98035714285713
-28.916071428571442
-28.966071428571425
-29.044642857142847
-28.95535714285711
-28.97499999999995
-29.055357142857133
-28.980357142857144
-28.97142857142856
-28.973214285714278
-28.987499999999997
-28.974999999999966
-28.97499999999998
-29.06071428571427
-29.055357142857133
-29.03392857142856
-29.07500000000003
-29.02499999999999
-29.10714285714286
-29.046428571428592
-28.992857142857147
-29.035714285714292
-29.04464285714286
-29.144642857142856
-29.10178571428571
-29.08035714285714
-29.17500000000001
-29.10535714285716
-29.251785714285703
-29.126785714285717
-29.15357142857141
-29.31071428571427
-31.978571428571428
