-171.95694999999998
-175.24825714285714
-209.0586625
-150.19494999999998
-286.0279085714285
-127.3751482142857
-373.37511500000005
-216.3579785714285
-234.6211035714286
50.0
-247.42479107142864
-341.8310832142857
-198.40321428571437
-152.04684999999998
-192.17665535714283
-237.52717678571437
-200.61073571428574
-175.12298750000014
-256.53406071428554
-125.7952767857143
-163.03811964285714
-173.86866249999997
-338.25919178571417
-167.69059285714286
-284.43650714285707
-342.4456392857144
-174.78179464285714
-222.37948035714285
-172.81198392857144
-139.50204642857142
-122.39467321428567
-231.42223214285718
-152.6098785714286
-187.1054535714285
-71.47411607142858
-122.96419464285711
-171.76288392857137
-148.09189821428575
-201.04077142857145
-189.65631446428583
-117.78479464285712
-134.22796428571422
-114.49819107142854
-146.11021249999993
-166.5221360714286
-143.39637107142855
-195.89610535714291
-224.15513749999994
-175.63627857142856
-162.70690714285718
-234.7766678571428
36.361707499999994
-244.6146071428572
39.13940285714286
-208.59647
-315.59252107142856
-299.3804303571428
-266.6763089285714
-399.72379999999987
-316.01200535714287
-225.25333714285713
-231.7390689285715
-235.13919464285715
-241.11207214285716
-410.2620910714285
-385.6506717857142
-322.73387500000007
-341.4034901785715
-365.87323749999996
-276.5042464285713
-338.0911178571429
-394.76753749999995
-468.2048256250001
-328.11683571428574
-429.53267321428564
-333.6091196428571
-353.81924285714285
-273.29212142857136
-345.13164375
-264.6809478571429
-430.9966785714286
-259.2531214285715
-451.0976603571428
-296.9426982142857
-313.19404285714285
-441.8163053571429
-237.4327717857143
-285.9099535714285
-407.25238214285713
-262.97175535714285
-385.3372499999999
-357.8683569642857
-300.5104696428572
-274.83368892857146
-239.6575375
-277.30748750000004
-358.4733839285714
-297.7578053571428
-353.1855160714286
-253.94496428571426
-294.3814589285715
-263.27844964285714
-280.7516017857143
-400.5024232142857
-213.38521928571427
-436.81659999999994
-332.8894982142857
-296.46847500000007
-367.1978875
-304.7659410714286
-329.24839285714285
-283.9501196428572
-225.5539042857143
-304.5940928571428
-304.742305
-378.9957553571429
-281.68549821428576
-309.93027857142863
-442.3902321428571
-330.96481428571434
44.656867857142856
-354.0085607142857
-454.1107625000001
-317.80233214285715
-400.3136928571429
-264.9468010714285
40.07670571428571
-354.9436964285714
-385.8509298214286
-274.17851249999995
-352.341975
-349.7240871428571
-267.36807678571427
-372.18700660714285
-415.9955464285714
-341.51113571428573
-293.33630428571433
-276.773575
-236.920475
-211.6928382142857
-226.32530357142858
-407.35387321428567
-414.95321550000006
-439.16240053571426
39.23469571428572
-327.99008214285703
-340.4920267857143
-315.4560535714285
-260.02794642857145
-375.3224464285715
-288.95755535714284
-379.25282678571426
-342.8141142857143
-282.29750714285717
-304.41615
-410.26488750000004
50.0
-308.8821875
-291.92713125
-385.2139874999999
-413.7040142857143
-279.2649407142857
-300.9202785714285
-316.1147678571428
-359.45391785714287
-301.4783964285715
-282.8614232142857
-416.77943214285716
-360.94723392857145
45.1742375
-285.19562678571435
-328.1421375
-424.9629053571428
-417.47434946428564
-301.6458749999999
-392.39135357142857
-331.25534999999996
-272.6581142857143
-265.2995178571429
-290.4239114285714
-405.19203214285716
-400.91029285714285
-336.51171250000004
-381.9141446428572
-300.4821985714286
-418.11918392857143
-327.7458946428572
-318.871825
-282.2911353571428
-272.09015071428564
-264.4212625
-432.1472633035715
-378.16682678571425
-418.45546607142853
-453.1225998214287
-400.0094696428572
-211.17595107142859
-365.44573214285714
-264.02200714285715
-429.4261553571429
-407.9196160714286
-276.54088928571423
-242.29091249999996
-294.00913392857143
-379.3745767857142
-317.7405071428572
-357.9897803571429
-389.81530357142856
-346.45449446428563
-336.4846553571429
-381.6640178571429
-330.07266428571427
-381.55794142857144
-315.20295714285714
-319.66551785714285
-380.6359566071428
-299.9341178571429
-313.0579119642858
-332.4624357142857
-416.0150857142857
-269.77663214285707
-375.98455357142853
-334.1393178571429
49.134185714285714
-381.78218392857144
-281.6653875
-257.55510714285714
-286.4322428571428
-242.73723392857147
-365.86547410714286
-406.86208750000003
-420.64653607142856
-262.7053267857143
-324.4023938035715
-404.736755357143
-312.33476250000007
-385.5306839285715
-375.36534375
-285.6643757142857
-347.5598410714286
-278.1814107142857
-301.2099107142856
-310.16218392857144
-401.95692857142853
-348.48771607142857
-265.55665964285714
-323.4175142857143
47.594825
-276.2114660714285
-408.37104107142864
-365.75671607142857
-250.28670214285714
-331.4978464285714
-406.3369839285714
-326.39638928571424
-424.41095625
-282.4217760714285
-425.0805232142857
-271.46255892857135
-337.0828267857144
-416.2858785714286
-376.3827410714285
-355.98735535714286
-336.21379285714283
-378.2128642857144
-235.3206125
42.7235
-361.36708928571426
-293.6173982142857
-398.0667785714286
-362.88584392857143
-278.30912589285714
-279.1956560714286
-347.5205803571428
-395.8516517857143
-231.40137964285714
-381.8796875
-406.7274214285714
-281.6015214285714
-250.57795035714287
-412.35434642857143
-365.3569678571428
-233.16926071428574
-200.1519003571428
-199.7391982142857
-300.47654821428586
-229.67000178571425
-329.3921928571428
-269.9249803571429
-167.55881571428577
43.998735714285715
-241.59759464285705
-251.80381071428567
-189.0360517857143
-331.2218325535714
-223.63497321428574
49.13981785714286
-278.5874892857143
-279.84496249999995
-282.45826428571445
-251.1016871428571
-254.958175
-248.17581785714282
-320.6065829642856
-201.19881071428568
-218.5542875
-204.37339642857145
-197.0104089285714
-293.49237132142855
-159.99598571428572
-150.5526196428572
-237.46551428571428
-272.1640142857143
-167.8380535714286
-235.82254107142862
-254.5291589285715
-156.9830539285714
-194.1389642857143
-239.4089785714284
-219.72931607142857
-197.66611964285707
-192.8993321428571
-216.0562142857142
-232.6977682142858
-144.28589928571427
-237.0390589285714
-229.77261785714285
-133.4558232142858
-142.35678928571429
-155.0030778571429
49.724444642857144
-183.01075964285718
-217.70181017857135
-168.27003035714287
-186.5856035714287
-210.18369035714292
-200.0783589285714
-167.72999285714286
-189.6018053571429
-261.4579821428572
-243.68016071428576
-245.3791821428572
49.51141428571429
-138.09008392857146
-146.07849107142857
-120.73727857142856
-119.96550214285713
-218.71977321428585
40.81463392857143
-256.96622410714286
-120.58939285714285
-125.50459107142854
-126.1402054285714
-165.02838821428574
-126.63538035714285
-230.52635357142853
-167.4778178571429
-162.26391607142855
-112.48611785714289
-176.26579821428572
-130.1352571428571
-153.93817857142852
-192.5043428571428
-178.39593928571432
-135.28448392857143
-183.83632678571428
43.966880357142855
-149.02902142857147
-128.96347142857144
-249.8581957142857
-191.8887696428572
49.75154642857143
-123.55208928571432
-257.4031205357144
-199.27516607142866
-109.57496607142859
-151.42018571428576
-105.87438214285717
-96.52358642857143
-225.77403392857138
-102.4320910714286
-118.7120178571429
-144.41410714285715
-108.9446482142857
-226.89099500000003
-150.34038214285715
-130.4406732142858
-162.91588035714284
-165.32305714285715
-94.41662321428572
-213.9406153571429
-114.03183785714282
-106.13734285714284
-190.09891250000004
-112.77708392857149
-224.12012321428577
-88.39199642857147
-176.25318642857152
-121.97929642857144
-165.56328214285713
-101.64721964285712
-100.6151857142857
-182.69857178571422
-113.96126249999999
-141.32405714285713
-84.13171250000002
-98.91604642857145
-206.82842500000007
-142.01851428571433
-100.66486785714285
-79.88700357142861
-98.9519446428572
-83.06078750000002
-136.80870357142854
-83.52214285714287
-132.37652857142857
-103.44842500000001
-123.82892142857139
-89.5811089285714
-89.62291071428571
-92.19624821428575
-116.6254875
-120.00229107142856
-94.74722321428568
-147.25900232142868
-168.81577660714285
-123.28220000000006
-162.02148571428577
-77.45801785714289
-105.0260517857143
-132.02671249999997
-131.89124714285717
-94.47604285714289
-135.7532035714286
-80.09466428571427
-80.73781071428571
-132.73952321428573
41.680257142857144
-59.7471875
-88.1531660714286
-137.3406196428571
-79.7058660714286
-86.31432499999997
-130.36978928571432
-95.1538214285714
-135.69526071428567
-152.2753014285713
-73.75545714285713
-66.05514999999998
-147.66575999999995
-145.1137276785714
-153.7178867321429
-112.96431071428576
-57.34254107142857
50.0
-127.24337267857153
-149.5001119642857
-55.24262142857142
-73.07262500000004
-149.96216339285715
-102.01030357142854
-152.62705873214284
-137.9439392857143
-153.43345517857153
-63.21588392857142
-92.21256249999999
-149.2289946428571
-123.12518392857146
-66.33269107142858
-63.9694857142857
-102.65053214285714
-73.77404107142854
-159.8576999999999
-103.77784999999999
-109.04548964285715
-52.27549107142857
-82.22251071428573
-58.47586250000001
-51.11456071428571
-83.84602857142858
-121.11312607142857
-73.59841964285714
-52.29561249999999
-147.59689739999993
-65.90455178571428
-94.23428035714294
-73.36595000000004
-100.34415178571427
-86.47481428571425
-85.15993571428568
49.47351428571429
-61.1954303571428
-57.42704642857143
18.814674999999983
13.322414285714267
-70.87552499999994
-40.285128571428544
-64.19571071428572
45.746067857142855
-75.47383035714284
-79.24968928571427
37.99235000000001
-69.42623749999997
-44.51797857142856
33.88487142857143
-31.757696428571467
-70.99120321428569
-99.77771303571431
16.841500000000003
29.695757142857136
38.98213928571429
47.93812142857143
-9.11023857142861
-121.96886607142866
-140.91258749999994
-84.3711460714286
-34.657692857142855
-147.65669053571423
-88.21093214285722
26.0441
-73.01460357142862
-115.58929589285714
-108.29374642857137
14.504825000000004
-36.84427892857143
-47.85663571428571
-68.04261785714283
-55.86660892857143
-131.5301972678571
-62.247396428571406
-92.36721785714283
43.433883928571426
-35.133362500000004
-127.52853750000006
-100.32344285714292
-94.01375357142861
30.53927857142857
39.82829821428571
31.35507928571429
-72.08059642857148
-102.48732535714282
-84.15471607142858
-54.248116071428534
-51.136544642857174
-69.0184767857143
-56.001114285714294
-91.35768928571433
-62.08983928571426
-69.42194107142855
-76.31341071428571
-106.98877678571438
-92.43524107142858
-117.51675000000007
34.63599214285714
-101.38598392857148
-84.5756767857143
-115.56137607142855
-76.98989678571428
-103.79981607142861
43.084225
-95.42946785714288
-98.49555357142857
-130.57788571428566
-101.38519821428575
-126.49343892857138
-88.08662500000004
47.5942
-96.1267392857143
-136.27482857142851
-107.94996428571427
-79.66513571428571
-120.8058657142857
37.91265500000001
-91.2734285714286
-116.26847857142859
-81.42932678571431
-91.35040535714285
-80.42535178571431
-117.75073214285713
-90.49732857142854
-99.44401964285716
-99.60187678571428
-115.22950446428564
-86.19597857142855
-87.55324107142853
48.76388571428571
-74.86339642857142
-82.05283392857139
-123.1004103571428
-62.694611428571406
-80.9797107142857
-53.60339999999998
50.0
-80.85448928571428
-101.8998339285714
-59.317058928571406
25.871992857142853
45.26340714285714
45.28620892857143
-94.54667535714292
3.8236142857142568
-46.48870535714285
-67.2420875
-42.06254464285715
37.42644285714284
-5.486435714285712
43.89878928571429
-68.09306428571428
-46.58129642857143
-34.11824642857142
-95.93909107142859
-54.71101607142858
-106.88988339285714
-67.67142321428574
-94.27585000000002
-88.06017678571422
-103.41516071428573
-48.0532525
-47.17080535714286
-62.54064464285712
-60.78958750000003
-116.64798535714277
-99.03361607142853
-90.4248964285715
-38.01054107142858
-74.54908928571427
-36.4069660714286
-75.53711607142857
-104.2867107142857
-96.62573464285718
-70.33369464285717
-80.71758214285713
2.579871428571444
-65.39859928571428
-130.8081694642857
-82.68583571428566
-76.36390178571426
-114.90332357142852
-33.64276250000001
25.891099999999994
-84.33910178571426
-44.92609107142858
-36.76715000000001
-110.08739678571425
-72.5162142857143
48.26623571428571
-72.26558571428569
11.77745535714282
-68.1135357142857
-42.56626428571431
-43.61687857142859
-66.48110535714284
-46.11021785714283
-64.50508928571426
-110.93232685714287
-85.49258392857145
49.608264285714284
-90.3978964285714
-89.93261250000002
-106.70567464285715
-98.6518178571429
50.0
-79.77708749999995
-100.5130446428571
-91.91155714285716
-90.46442500000003
-114.49411964285724
-117.81314285714281
-110.73997857142862
-99.35017321428568
-97.20891785714288
-95.56243035714287
-100.49875178571433
-112.6672314285714
46.99194107142857
-99.9320178571428
-97.03475714285719
-97.89342857142856
-118.79860000000001
-115.16452214285712
-90.88641964285712
-73.35777142857144
-115.80262482142852
-85.3238857142857
-84.61597857142854
-79.61345178571426
-71.73770178571425
-111.84968589285705
-59.97884642857143
-68.97729999999999
-65.0879571428571
-39.79696785714286
-58.180280357142834
-44.436912499999984
-100.3975096428571
48.10597857142857
26.598769642857143
-61.332976785714266
-67.94473749999999
44.783375
-53.44609464285709
39.112375000000014
-72.27343035714286
-71.48158392857142
-103.4760732142857
-146.7995219642857
-118.0052864285714
-121.92725357142864
-81.29745000000003
-61.867917857142835
-107.95020892857148
-60.45797142857143
-63.11496071428571
-86.88855892857144
-63.36324821428571
-129.74912535714284
-51.188569642857146
-120.19413214285713
-51.17356071428573
-57.26692142857144
-61.95963035714285
-54.08750535714286
-69.37643142857141
-54.39963214285715
-140.12102946428578
-47.665501785714284
-63.65253928571428
-46.9473964285714
-70.58354892857143
-116.41485535714291
-65.57039142857141
-47.35511249999999
-84.27702678571426
-87.65236249999995
-33.91029821428572
46.8168375
-88.95020964285712
22.632564285714277
19.81854142857143
-51.371098214285695
-61.93498749999999
-69.7679435714286
-50.978107142857134
-80.83073160714284
-62.97508749999998
-69.86542107142859
-70.05053071428574
-89.60270839285711
-34.927971428571425
-57.93947857142859
-38.19264464285712
-81.35157999999997
-57.06006071428569
-60.939217857142864
-73.30006428571424
-53.97913392857145
-64.02143928571431
-57.404174285714305
-70.07464642857138
-48.596183928571435
-62.404708928571445
-69.72251250000001
-64.75656964285712
-85.0912142857143
-72.90056964285715
-82.62314285714288
-86.65596607142855
-78.57803928571428
-78.9133285714286
-82.76319285714285
-95.5335932142857
-78.9481107142857
-96.25970071428567
-93.82896964285719
-105.28412678571434
-77.33594821428574
-76.08712321428568
-85.34508392857144
-67.56665892857141
-76.47223035714285
-63.786212499999976
47.55007142857143
45.50629285714285
-73.72535392857141
-110.5242946428571
-74.97507500000003
-101.42920357142856
-112.5193249999999
-100.49225535714282
-67.52803750000002
44.30070714285714
-93.96169999999994
-97.25291785714289
42.52843214285714
38.24941607142858
45.375364285714284
28.106857142857145
39.94630357142857
-96.54967678571433
-73.44835714285713
-38.568660714285706
-55.713276785714264
-45.575016071428564
-81.00188571428569
-64.21081178571431
-63.39799999999998
-62.523455357142865
-60.264289285714334
-75.4189982142857
-82.09340535714287
-81.78500535714292
-88.33425321428571
-68.24884642857144
-63.41530000000001
-86.14281607142856
-69.00056785714287
-66.13700178571428
-70.98130142857143
-55.01081249999998
-102.143775
-78.37991250000009
-85.79915571428572
-79.31674714285712
-86.44035178571427
-65.07963392857143
-80.71265178571426
-82.92303035714284
-74.78009464285715
-91.6148142857143
-75.19992142857144
-98.32081607142851
-75.56400535714288
-96.68460714285708
-99.48404107142855
-86.78103928571427
-101.78500749999994
-70.68931428571429
32.61439285714286
38.685121428571435
-84.17830000000001
41.61689285714286
-87.73350892857141
-85.93582142857139
-99.30364455357143
-100.4270692857142
-96.98188607142856
-79.10594464285715
41.104085714285716
38.38767857142857
-61.81508928571428
-63.523775000000015
-65.62312142857145
-56.68807857142858
36.28210714285714
49.1633
-41.67243999999999
-48.36517857142858
-44.85833321428569
-46.29188321428571
-35.3129964285714
-41.182598214285726
-32.27351607142858
-40.31992678571426
41.20730714285715
-45.56413392857142
-36.099041071428566
-49.68459107142852
-37.2066767857143
-34.22361250000001
49.77939642857143
-35.18691428571428
-45.513771428571445
-35.47125892857145
-41.55507857142855
-50.61200285714288
36.931328571428566
-56.59172500000002
34.828799999999994
-45.310330357142846
-51.83770714285717
-49.19086249999999
-43.34828392857139
-43.045624999999994
35.60975714285714
36.703884821428574
-54.17663035714284
-51.36441964285708
-67.8307142857143
29.266917857142854
-65.34453214285712
28.423409285714293
-50.99487892857144
41.81566
33.657428571428575
-68.40605892857144
38.201975
-45.00724821428572
45.854151785714286
-55.4089017857143
-72.51513071428573
45.84842857142857
-63.807123214285674
-63.757317142857154
-49.77405714285713
19.922088392857145
33.36096785714286
-50.0606
-59.44500892857146
-60.65217892857144
-56.352508928571474
-52.32282857142857
-57.23173785714288
-53.25997499999996
-49.12813214285718
-60.00444464285715
-56.69887142857141
-49.60495357142858
-47.44358035714284
-49.35954964285715
-50.72627857142858
-47.936266071428605
-54.65164428571425
-50.3803642857143
-58.82619464285714
-46.26509750000001
-44.860039642857174
-50.94662607142859
27.78009107142858
-21.41186964285714
49.395535714285714
34.10657142857143
28.19472857142857
39.32415
38.94067142857143
-45.435653571428546
-40.5824092857143
-38.22278928571426
-41.01943214285714
-50.195471428571445
-38.629969642857155
-46.0001725
-35.689633928571446
-37.65805535714284
-49.324544642857106
-43.44540535714285
-44.33535535714286
-31.574298214285733
-49.21339285714286
-50.679928035714276
30.838651785714283
49.83609107142857
48.92680357142857
-44.98413571428573
34.672900000000006
-46.7503803571429
-48.213690178571426
-45.190214285714305
-49.0179357142857
-50.816533928571424
-57.66534928571427
48.56158392857143
-59.94090000000002
46.05535714285714
22.45356392857143
44.513735714285716
-55.749721428571426
-71.51068232142859
45.006275
-76.58470249999998
-63.317853571428564
42.847794642857146
-65.63266071428568
-64.5964482142857
-61.3421607142857
-70.64442071428569
47.05715
-61.1667285714286
-61.329666071428555
-62.305569642857144
-61.53911071428574
-59.3743696428571
-53.02065892857141
-60.33764821428569
-49.991796428571426
-69.18503571428573
-49.43655892857146
-46.611980357142826
-41.57862142857144
-42.060337500000045
-38.90058749999998
-41.08847678571428
-37.88744321428571
-29.891448214285717
-32.424287500000005
47.43255535714286
48.591317857142855
40.78184285714286
42.888825
33.640785714285705
31.023475
34.98330178571429
17.939275714285714
45.64357142857143
49.71684821428571
-32.287083928571434
10.176495357142855
-44.166235000000036
33.691045
-43.70947499999994
-29.974821428571413
-32.32714464285715
-35.04175535714285
-41.113491071428584
-43.64431071428569
-33.83994107142856
46.32384285714286
32.34163
30.597456785714293
40.929789285714286
-46.77785910714286
46.497732142857146
-27.44711071428571
32.317265535714284
-35.81318250000003
-32.28759321428572
18.996681250000005
-29.449732142857126
39.018526785714286
25.67387142857142
-30.811435714285693
-26.025366071428593
-32.464037500000025
34.02491803571429
41.18425714285714
34.98673214285715
39.50385714285714
37.34519999999999
44.88736607142857
35.30635714285714
-47.37901964285714
38.8214
-29.155517857142872
34.262645892857144
34.332385
-43.281251785714275
-32.27197142857143
41.13339821428571
-34.06172142857144
44.0917875
-34.303883928571416
-39.541134464285726
26.819355357142864
-26.062360714285717
-36.22318214285714
-30.36996607142855
35.74759071428571
33.19053928571429
-45.83383821428567
42.59135
-34.41673035714286
34.0046
-39.321633928571444
6.0702249999999935
48.179785714285714
-39.66668392857141
35.65346928571429
24.67641571428572
49.297512499999996
-50.931732857142826
-28.558989285714294
36.96521428571428
45.81733392857143
-35.85521785714285
43.403773214285714
-35.735567857142854
41.075857142857146
46.05212857142857
49.93478571428572
47.678925
40.46424285714286
40.795523214285716
49.947625
23.003399999999996
49.78427857142857
38.36988035714286
24.165314285714285
10.613919642857127
45.98003571428571
48.780589285714285
31.163058928571427
17.229407499999994
43.50117142857143
37.352199999999996
43.46026428571428
34.90306160714286
30.545960714285716
36.34767857142857
47.63947857142857
45.267544642857146
36.13658214285715
36.77224285714285
42.66290357142857
30.827501785714286
46.70896428571429
43.16860714285714
39.67072142857143
46.97167857142857
38.62128571428572
29.921909642857138
43.48764642857143
40.527366071428574
44.214732142857144
45.48343571428571
32.8538
27.014269285714292
46.19759464285714
49.83002857142857
36.61052857142857
46.25396785714286
44.76593571428572
48.035807142857145
27.088279285714275
32.21477142857144
45.9071
49.399205357142854
44.550442857142855
38.73168571428571
39.079735
24.790717857142855
42.27747857142857
23.221485714285702
35.00541785714286
35.193125
43.927792857142855
29.455594642857143
41.78865714285715
31.588144285714286
44.807428571428574
43.47022321428571
49.1885
46.5248
27.966616428571434
50.0
43.88515714285714
43.798675
39.0048
31.240737500000005
49.541964285714286
47.264
42.653412499999995
47.67171964285714
23.18698374999999
38.34384464285714
44.37663928571428
40.014451785714286
37.41415142857142
43.91775714285714
40.10833928571429
46.130519642857145
40.171900892857145
47.350389285714286
29.229250000000018
29.794971428571433
24.549475000000005
42.424328571428575
47.17305357142857
27.557866071428577
47.171464285714286
40.74411071428571
27.624208928571434
48.76302678571429
46.64628571428571
24.01755428571429
