-205.10059285714289
-155.33674107142858
-147.00670178571434
-124.98753214285712
-152.78420892857147
-132.1840035714286
-133.3284
-126.67218214285711
-199.36781964285723
-143.11855535714295
-152.92238392857143
-197.27451553571427
-116.71847678571424
-140.58683571428577
-93.3360517857143
-136.6370410714286
-142.36915767857144
-141.02806071428577
-189.42246028571435
-103.31409821428572
-187.01798928571418
-142.6107178571429
42.32572142857143
-163.47157499999992
-129.29164285714293
-102.94808035714287
-122.28733392857139
-139.75814821428577
-120.38346428571433
-112.63494642857145
-136.56963750000003
-140.67194285714288
-174.54814535714286
-129.67503035714284
-106.12719107142853
-163.08727678571432
-153.17403214285713
-169.5706471428572
-202.9425992857142
-116.45829107142855
-160.80568749999998
-137.4234410714286
-162.95281607142854
-141.05710535714277
-215.62900999999997
-152.72347142857143
-178.23330535714274
-133.16620535714287
-171.4065267857143
-172.00527678571427
-161.56062678571425
-244.53600642857134
-184.4748767857143
-162.5000214285714
-127.77405357142858
-121.23354285714287
-107.70476964285716
-157.97858928571424
-160.89685714285716
41.374985714285714
-170.16236071428568
-140.86505357142852
-164.76620535714284
-168.02861071428563
-163.12844464285718
-117.1637232142857
-171.27964642857145
-191.99982142857144
-238.59633214285702
-203.398235
-137.4444053571428
-214.93452107142858
-171.37698392857143
-234.19232857142862
-137.28768214285716
-190.29165714285713
43.58575
-167.02996249999998
49.39455
-91.89805357142856
-170.99215892857148
-202.33110571428568
-130.2428392857143
-235.31507857142864
-196.23781874999986
-125.55613571428572
-249.4137371428573
-186.05540535714283
-174.70627678571427
-122.02015000000004
-151.91874642857138
-127.6730285714286
-162.7036196428573
39.58425892857142
-189.62289392857141
-120.28166250000001
46.70685
-188.82578392857144
-222.65684249999993
-124.55135714285719
-124.46128571428571
-133.0051
49.058616071428574
-99.43386428571426
-186.34012428571432
43.23723392857143
-137.93410892857148
-235.52990982142853
-149.32114107142857
43.717328571428574
-139.497025
-202.42602321428566
-186.04518
-214.36220428571426
-104.63594464285708
-128.91296071428576
-124.17003928571424
-209.8649242857143
50.0
-106.38132499999999
-146.16536785714285
-117.43296249999996
-141.62673749999996
45.299142857142854
-125.39521964285719
-101.85666250000006
-170.7314367857142
-118.56723928571425
-156.52154285714286
-181.06939
-131.07284285714275
-124.96242321428572
-102.5708607142857
-153.86153571428568
-174.27731785714275
-131.0122089285714
-123.97426428571434
-102.12253928571423
-130.18798464285715
-110.24938750000005
-137.3583107142857
-116.15410714285711
-84.87339285714283
-128.80329964285716
-150.70563392857142
-127.51609982142863
-139.56965
-161.0865000000001
-142.51594821428571
-159.7922932142857
-98.71342142857146
-82.59266928571428
-115.94507321428577
-80.07228214285713
-77.0452214285714
-129.7197321428571
-102.94965357142854
-97.14987142857144
-88.7536714285714
-80.35395
-70.120575
-133.06806964285715
-137.3453821428571
-109.20855178571428
-65.98530535714288
39.42746428571429
-72.8576892857143
-87.17819642857141
-100.35944642857147
-121.1328321428571
-73.73694285714286
-125.92054999999999
-128.2433742857142
-88.48703571428572
-86.84115892857149
-127.76290107142859
26.00558928571428
-81.97373428571422
43.456766071428575
44.1196
-97.22007678571426
-131.19860017857144
-160.4611714285714
-99.73243571428573
-83.98062142857144
-125.38615357142858
-150.68920535714287
-73.24668035714285
19.345085714285712
-100.07440535714284
-126.03744285714285
7.465883928571458
-77.6076767857143
-137.32750892857132
-92.30233035714289
20.95118571428572
-102.9218892857143
15.363672499999979
-124.48812499999995
-143.5086553571428
49.94175892857143
-75.15946607142858
-130.1286467857143
-105.33559107142857
-91.85009107142862
-96.97790535714286
46.71308928571429
47.30079285714286
-143.57558178571432
-105.01962678571428
-111.39239214285709
-147.22153250000005
-91.41771428571427
46.594632142857144
-164.56554107142853
-122.54135178571428
-119.95038392857138
-84.21448214285712
-109.27833571428569
-90.40157107142856
-109.15498571428571
-87.81858107142857
-172.39655892857138
-113.01530714285708
-96.99604642857142
-106.6702839285715
-146.95442500000001
-164.88178392857134
-244.37639107142857
-70.07130714285717
39.81801964285714
-125.58236428571426
-110.06144642857143
-102.54109464285713
-79.24185714285716
-106.24930892857141
-63.79897142857143
-66.40803392857141
-117.5997160714286
-107.56860142857148
-94.02051964285712
-115.08168392857145
-107.93838928571432
-126.09279464285721
-223.4813232142858
-213.03590535714292
-111.64813035714282
-103.21262142857141
-129.5512178571428
-165.77160178571432
-97.1600867857143
-70.35551964285715
-57.78889464285716
-64.09757321428572
-58.391680357142874
-149.21992142857147
-124.33468285714295
-72.09248750000002
-71.9417107142857
-86.08531071428568
-105.72010357142857
48.485485714285716
-110.64111357142858
-170.89726964285717
-114.79250535714284
-146.50500000000008
-129.18651785714277
-112.24652321428574
-124.80458928571427
-131.23042678571434
-81.68322321428572
-108.21295357142864
-156.89646428571433
-90.62696785714283
-130.46334526785716
-101.62119107142863
-75.81525357142858
-104.6089982142857
-128.8496035714286
-61.385928928571396
-79.92479285714289
-96.0132098214286
-97.0444196428571
-76.2366125
-98.58743750000001
43.40068214285714
-90.11766499999999
-115.19289821428573
-73.99773750000001
-77.6736553571428
-48.216867857142866
-100.47991214285717
-56.12805357142856
-44.88795714285713
-59.36933571428569
-52.32061607142856
-86.86380267857139
-46.32349107142857
-80.55443750000002
-100.2463642857143
-42.38757857142856
-59.0785160714286
-46.58041607142855
-64.16687678571428
38.83047142857143
41.157714285714285
-68.819125
-64.80427857142861
-129.09884446428566
-128.5566649107143
-122.52335892857148
-55.272764285714274
-56.05557321428574
-97.22038392857141
-54.344612500000004
-74.0793017857143
-129.12518071428576
26.23146428571429
-71.33775803571429
-47.688594642857154
-96.88820892857143
-62.71663928571429
-83.35543750000001
-59.78753107142858
-73.36169821428571
-52.63386785714284
-40.22344642857143
-88.96732857142865
-81.43273392857141
-58.96473214285716
-50.89100714285716
50.0
-50.29011964285716
-50.35570892857143
-126.42608749999998
-76.77039642857146
-47.113162500000016
-47.4580375
-123.72282857142866
12.238664285714307
-67.98887857142856
46.47315714285714
-113.93616321428561
-63.32449285714288
-79.24345392857144
12.76107857142862
-106.89716482142859
17.81652857142857
-71.62871964285716
-42.66309821428569
-45.58616964285712
5.285087857142884
-81.11199392857138
-64.9129089285714
-65.47180714285714
-4.006103571428596
-7.955206785714289
-48.43127678571428
-48.50976785714285
-53.399119642857144
35.19014285714287
-83.96011964285714
15.135411428571437
-37.49311785714286
-107.89968507142854
-61.40632857142857
-32.393210714285715
-20.961999999999975
28.762082142857142
7.532666071428594
-34.15921071428572
-139.4359830357143
32.153771428571424
-81.42651928571426
-79.64004249999992
-4.869007142857136
9.886405357142849
13.114842857142847
-53.7413160714286
-69.57495142857131
19.59315
35.83035178571428
-71.1531208928571
-79.99072857142858
-111.37097678571428
-30.147257142857136
-48.85752678571428
-86.16160178571435
-63.46009821428569
-73.03496785714289
-114.95797214285706
-112.04039857142854
-75.75826821428568
-73.15464107142854
-83.88477946428573
16.209114285714286
-54.700372857142845
-42.698526785714314
-81.13890160714284
-41.92857678571429
-51.33120285714288
-70.08767678571427
42.33795
-55.17438035714288
-92.14078214285716
-60.361182142857146
-111.6429214285714
-49.72599642857144
-85.55672071428572
-45.32716821428569
-95.4655589285714
-67.42438142857138
19.239910714285706
-43.75153928571431
28.14340892857143
50.0
-49.66982142857141
-75.82309107142856
-58.85088571428568
-10.98323392857143
8.105718571428554
-66.16890178571428
-40.32622142857146
22.216448571428568
-69.63899642857142
20.340018571428573
-101.08831978571426
-89.14000678571426
-81.62597321428574
35.53192857142855
15.16672142857145
9.005660714285717
19.86945535714286
-128.42736214285722
20.484928271428586
26.811400000000013
38.87511428571428
39.173589285714286
-52.45188392857141
-54.62744821428572
21.77169285714286
-103.81688142857142
-36.78217678571429
-62.5189107142857
29.062525000000004
-97.55056785714287
-117.94512571428571
49.56650535714286
27.370603571428553
-48.526844642857164
-43.24119821428572
47.49585892857143
45.37767142857143
-107.54255178571424
37.06463214285714
-64.51354285714284
49.71510178571429
-54.89929107142856
-95.3659003571428
41.02395535714285
-38.62700714285712
-78.32133749999994
50.0
-53.38955714285719
-50.627035714285725
-63.526908928571444
-41.59186785714285
48.794939285714285
-72.68463035714281
-87.51348892857149
-54.45482142857143
-78.43747142857143
-85.42337321428568
-79.02247321428565
43.01188571428571
42.24657857142857
50.0
-30.250155357142813
-106.7971453571429
-83.25248749999996
-83.3766607142857
-66.5449017857143
-101.99166928571427
-110.5275489285714
26.085341785714267
-3.1642235714285576
-100.65985142857143
-103.25219910714281
-5.242407142857154
-123.01427267857149
32.75915178571429
41.37303571428571
31.52017500000001
-58.569385714285694
-87.81558392857141
-121.22018571428576
38.974374999999995
29.768430357142865
-83.61567071428576
11.387592857142856
28.117680357142863
-4.476324999999989
27.052900000000005
-95.60283749999995
40.88805892857143
8.21675892857143
-73.08672928571431
5.380657142857125
32.25772857142857
22.75775714285715
-41.03821428571426
25.507442857142852
20.682114285714285
24.561557142857147
41.04155178571428
-108.69647853571426
14.325091428571405
26.16361428571428
43.03512857142857
-107.16491767857147
-35.10659464285712
-103.46369821428567
47.09829642857143
-66.35227321428576
-74.76850499999998
-59.42716785714285
-115.52108707142862
25.97770964285715
-129.75246624999997
-49.92119107142858
14.165514285714288
32.94209285714286
-45.34249821428573
18.50460000000001
29.577585714285718
34.277249999999995
-27.354428571428553
35.72899821428571
33.344328571428576
45.7208
-100.49482857142856
-82.7904092857143
27.044964285714276
-78.54565178571426
22.410935714285714
-70.87893249999998
-44.96987678571431
17.81569642857145
-82.16697142857134
35.74661785714285
6.1500107142857345
-78.85337053571426
-88.44486160714281
-54.33694464285716
15.320223214285726
22.212857142857132
-106.71394178571433
-109.88786535714279
49.374857142857145
33.06368571428571
33.9237
-85.06503750000006
-65.58166428571425
26.500428571428575
41.81642857142857
-34.87244999999999
19.10821071428571
-69.72446428571423
-50.00927392857145
-57.59115357142855
17.968928571428563
-109.13554017857143
-57.774310714285704
-43.51564285714285
20.72404285714286
-92.77506999999996
25.979107142857117
-2.542857142857109
-112.10092160714285
-63.69315357142856
-100.84266249999999
42.34153571428571
-83.53391535714285
22.95848178571427
-75.3706492857143
-63.60328928571428
-46.986816071428585
-66.85504107142859
-102.59129232142857
-65.41405178571428
50.0
42.74164285714286
-39.75213214285715
-60.9241660714286
24.392705714285718
-86.60230535714288
20.849790000000006
-46.741803928571436
-46.69723571428574
23.00631428571429
-61.52302142857144
-32.04734464285714
-90.13366428571427
-90.2949696428571
-33.840448214285715
-43.904603571428574
-88.65479857142857
33.85467642857144
-42.08444642857141
34.677142857142854
-53.18390714285718
-87.25563749999998
-42.885044642857146
-48.1960232142857
-94.71381428571428
-96.72825767857138
-49.839912500000004
-54.03960714285716
35.32094285714289
-95.04096285714279
-80.95230178571427
31.907628571428578
-32.38759464285713
-35.57601964285713
-34.127182142857116
-75.13755178571421
-68.5606696428572
-85.96724642857139
-85.03778874999999
-91.23662857142861
-42.111926785714275
-31.51354285714288
-65.44140178571423
-44.75957714285717
-47.389511785714305
34.32258571428572
-64.83296071428572
-58.58659464285713
-88.24311999999998
-106.51602696428573
-74.74462321428567
-48.488555
-31.079655357142855
-82.69669999999995
-108.84668428571429
-44.54472357142854
-66.86930000000002
-39.33541428571432
-36.7453785714286
-89.25423392857142
-54.50935785714284
-81.56922678571428
-79.04544464285715
-89.54998392857149
-83.28906250000001
-94.31628571428574
-76.67016428571422
-33.64424642857139
-75.68593107142864
-28.528535714285717
-63.363585714285705
46.00345357142857
-64.72239107142855
-27.08435714285713
-54.54947071428572
-39.921969642857135
-67.48999107142855
-74.77082857142861
50.0
46.8273375
-43.86632678571427
11.863900000000008
42.15701428571429
-67.20007499999996
-100.91041964285712
7.298183928571419
-53.61386428571431
40.12754821428572
-49.784398214285716
-97.77573285714286
-79.20659964285714
35.06210714285717
-66.01381785714287
-68.69810892857139
-43.12088392857148
33.13112428571428
-105.6084339285714
-59.91471714285717
-79.63870892857146
-56.32206964285719
26.415071428571416
49.27977142857143
-100.7195321428572
-82.83041428571428
37.386332142857135
-41.33716785714285
46.60214285714286
-100.11237964285718
-108.31171928571433
-59.579828928571416
-76.13548392857143
-103.97660857142853
41.50801785714285
-75.04222857142861
35.526778571428565
-86.97130535714284
-92.24288857142852
49.01637857142857
-100.74922714285711
-40.35282857142854
-30.9230517857143
-39.66843392857143
22.72309999999998
-102.68569760714283
31.345526785714284
-42.566257142857125
-79.34250285714286
-62.68288107142851
-30.227455357142894
-52.27442500000003
-62.021551785714294
-40.689332142857126
-97.0292767857143
-37.55866249999999
-59.39301964285713
-54.94612464285711
-86.9840625
-36.39551249999997
50.0
28.330387499999993
-74.08620178571425
16.64324928571429
-68.75760535714288
-76.38354285714288
-43.538917857142835
-79.46961607142859
-39.524067857142875
-73.38190714285712
-25.80651964285715
-61.77275357142859
-65.39630714285715
45.986603571428574
35.93637500000001
-81.02833553571426
-60.01337678571427
-74.03668607142865
-70.28454821428569
-46.6810375
39.04416071428571
-37.9692625
-62.36736071428571
-67.10252499999999
-97.10838214285714
-78.2859035714286
-91.74783749999996
-78.03131250000001
-43.68065178571426
14.140578571428577
38.12104999999998
-31.95150357142858
-58.58148392857143
-106.63192499999997
-69.24692500000003
-63.64929642857142
-102.13865785714285
-71.11931071428565
-96.6673332142858
-40.86962142857143
-75.92574464285718
-89.9818535714285
-57.26020357142856
-62.057778571428564
-34.540501785714305
-51.67442321428572
-84.98686071428567
-110.46865892857144
-106.39029053571429
-75.9911928571428
-92.47104285714289
-76.09303392857146
-81.99208035714284
-35.32248464285714
-56.33915535714288
-59.23573392857143
-56.00373750000001
-36.47418392857138
-94.42287553571434
-68.90936428571426
-69.58042535714286
46.002042857142854
-89.49701071428576
44.778
24.643512500000018
-72.39266428571433
-51.70393749999999
18.644314285714277
49.47447142857143
27.240883928571442
-49.336667499999976
-64.6061857142857
22.88647142857144
23.755499999999987
-74.41056964285708
-104.34469267857146
-34.40333392857142
25.182117857142867
-66.8691892857143
-51.91442678571426
50.0
-55.39040964285712
-83.61260142857144
-52.71552142857144
1.3388553571428545
-72.71668035714292
-63.584130357142826
-63.16152321428571
-87.22689285714287
45.57521428571429
-44.59113571428575
43.00317142857142
-57.99124357142855
-61.955353571428596
-65.81159107142858
27.934764285714294
-46.90794714285714
42.16951785714285
45.30117142857143
-43.048355357142874
39.651599999999995
39.49979464285715
-68.7023767857143
-34.703978571428586
39.60653142857144
-48.31554285714284
-52.10691607142857
-38.45858749999999
40.41151071428572
17.88365714285716
42.917832142857144
-48.02086250000009
-68.3838432142857
45.52833571428572
-57.44397107142855
-42.50157321428576
-83.851115
36.70752142857145
37.873582142857146
46.04031785714286
-62.29145000000005
39.818937500000004
-52.255908928571415
-52.226103571428574
18.12768428571429
-36.52405714285714
-49.08061607142858
49.853903571428575
-71.65234821428574
-41.685330357142824
-65.45861607142861
-81.28140892857141
-46.434616071428586
-81.67152321428568
-40.31548749999998
-104.35191107142859
-42.94884464285716
38.70691607142858
25.55350535714285
2.4542071428571646
-60.451842857142935
-158.66035875000003
-68.04743607142863
-41.06780000000001
32.84184642857143
-38.990412500000005
-95.02407089285714
-70.33795749999996
-51.566412499999956
43.64348571428572
-43.3169
42.71186071428571
-129.31988392857144
-87.88719999999994
-33.24731071428571
-81.02345535714284
-68.0636246428571
-84.87779107142853
-71.4362892857143
-3.450000000000017
-113.25919642857139
-97.27362071428567
28.635449999999985
-69.60514107142859
-32.77622321428572
-50.933132142857126
20.147057142857125
-60.15518464285713
-47.59351607142858
40.009264285714295
-26.78342500000002
2.5245714285714342
38.90735714285715
-8.03940357142858
38.162351428571434
35.854706785714285
-35.11407857142855
43.10295
-6.755400000000009
34.04902857142858
-45.65334464285711
32.93025928571428
20.928260714285706
34.30385178571428
33.37705
16.88244285714285
2.8785714285714548
-41.772207142857155
-66.99409464285714
44.46985
-27.588528571428597
-59.05157000000004
-131.55462250000005
40.473375
-3.141287142857138
33.91891857142858
16.786849999999987
11.06090535714285
-74.03974821428574
36.98770000000001
6.649187500000004
34.81214285714287
48.63299285714286
-39.30138928571427
-26.738689285714276
43.525675
41.514255357142865
8.767771428571415
39.69790714285715
17.47235
-28.807087500000033
-58.639141071428604
29.900791071428586
-73.31479678571424
8.27372321428571
41.868775
28.447062500000005
14.359348214285717
12.592575000000018
20.18237142857143
-76.10321821428568
45.67127142857143
38.87587142857143
-59.080598214285736
-59.04888875000002
12.107950000000024
42.10145892857143
-87.68475089285715
-82.14919678571432
-54.24810000000001
-63.42722857142856
-53.71215535714286
-34.72470178571427
10.800365714285697
-37.594705714285695
33.65450714285714
24.21183035714287
2.549964285714289
35.43961428571429
-46.75470714285712
43.320875
-54.516612499999994
-71.45502678571431
-36.51188214285718
28.972375000000014
42.52843571428571
18.033333928571427
-57.10950714285715
-35.92161071428571
-57.91549285714285
-71.41598035714286
-66.38847499999997
-40.632178571428554
49.915619642857145
23.310349999999982
21.338149999999995
3.7357071428571444
-67.87152660714288
-52.72598035714288
-54.12150000000001
21.565114285714277
33.06632142857143
-81.00605535714288
-78.88684571428573
25.589082142857148
14.008478571428569
-81.48079999999992
43.360839285714285
-72.72733821428575
-88.27775035714282
-64.9406339285714
-92.55431428571431
-65.77371785714288
-65.05238035714288
16.878503571428574
27.36730714285713
-70.78599999999999
-41.67040892857142
36.46891964285714
-82.14524821428571
-61.31310357142857
-50.59004857142859
27.36215000000001
30.61683035714286
-47.20222714285716
-37.15358214285716
23.072585714285722
-60.44304285714287
42.12631428571428
-68.14971499999996
-61.03528857142856
31.226688571428568
38.70858714285714
-35.06535357142858
43.078925
-62.759635714285714
-60.573967857142854
-53.6301089285714
-52.44684107142859
-81.99256607142857
-44.785326785714304
43.48137857142857
34.9006142857143
-57.281992857142875
-44.698841071428575
-31.623066071428585
26.991746428571425
-41.19475357142854
6.66701321428571
25.917614285714276
-71.78206249999991
46.284885714285714
-58.663591071428606
30.07784642857143
21.589795714285746
46.28505714285714
-37.43158749999999
21.383814285714283
9.161628571428587
24.412557142857146
39.43801071428571
25.17822142857143
1.0988474999999838
-46.40171071428572
20.019857142857163
-25.55650714285717
48.33154821428572
19.930667857142854
-26.80012499999998
-69.2726996428571
40.40790892857142
36.96286785714286
43.23196785714286
-67.51237228571429
43.87480178571429
41.65978214285714
39.47122857142857
-69.3740267857143
-50.829435714285715
-59.66953035714288
-44.02431571428568
40.9035607142857
-3.7269839285714497
41.21113571428572
38.46801607142858
-27.591980357142855
-62.839262500000004
31.632414285714272
-52.075266071428565
48.96275
-41.53603035714287
13.505685892857159
43.66311785714286
38.50645714285715
23.623421428571422
-54.46516249999998
47.71331428571428
-32.51400535714284
-34.50286571428572
-49.924921428571395
23.33797142857144
-30.941955357142866
23.723417857142852
24.567939285714292
-37.11767857142856
-40.5349625
44.156442857142856
32.522346428571424
42.3821
42.900910714285715
-39.826207142857136
39.54652321428571
-66.25074392857142
24.05705714285715
-58.37387142857144
30.92648928571429
-38.45426964285712
-50.04156071428574
-71.61454642857149
19.955400000000008
-40.41735928571432
-48.42738214285713
21.489195714285696
-30.642935714285713
21.571746428571412
-27.86978214285713
13.083414285714284
2.5531357142857445
39.36188571428572
-33.98286964285713
34.388974999999974
10.31774999999999
-65.51980892857141
12.965282142857163
16.678200178571423
35.393808928571424
-41.63140178571428
3.4500578571428733
-72.26643928571426
47.397957142857145
-36.42324642857144
-64.11465178571429
11.300646428571383
2.8091353571428854
35.94319464285715
45.255805357142854
-46.65453749999999
26.574824285714268
39.024946428571425
37.182500000000005
3.565736285714287
-46.88584285714285
-39.13204642857142
24.21547500000001
-68.24247857142853
26.214952857142862
44.26228928571429
-68.55920892857142
17.794775714285713
33.84739107142857
-63.77458749999997
-61.7975107142857
31.703514285714284
50.0
39.955246428571435
-79.37715535714288
18.69317857142857
-70.13588392857146
30.722707142857164
-64.0692482142857
39.965357142857144
22.923042857142853
25.96766428571429
-87.26626964285721
26.720598571428578
40.86511785714285
-69.37498928571429
-63.198130357142865
3.3955449999999985
-68.95763928571428
-65.61406071428573
-42.316103571428584
49.9220625
44.30316071428572
2.0293301785714277
31.25032857142857
-70.81484107142857
37.91624464285715
-11.022374285714271
-82.34816607142857
49.36341071428571
-51.314855357142804
-46.78145357142855
-2.416692321428556
-37.45012678571428
38.84256428571428
17.919512500000017
-6.517871071428559
-52.489891071428545
18.39305232142856
-42.92572857142859
-61.94966964285714
12.922868571428587
-47.7516892857143
-56.49419107142856
28.100196428571444
24.175359999999987
-42.997933928571435
-47.36496785714286
48.441805357142854
37.22024642857142
37.857404285714274
21.336642857142863
-54.180451785714254
36.06315714285714
26.459907142857148
27.193089285714287
-60.414414285714294
8.21967500000001
24.03714464285713
26.525285714285722
49.773048214285716
15.445037142857139
-12.001089285714258
27.408949999999997
23.306695714285706
34.13117857142858
18.780514285714283
40.78105357142857
20.8833507142857
43.21145535714286
38.7533375
15.620451785714295
31.923778571428578
27.743571428571432
-40.039232500000004
26.81308750000001
25.76711428571427
30.308019642857147
27.83631857142857
41.64565535714286
-47.93311578571425
33.15152857142857
26.05523928571428
16.952167857142847
-53.634096428571375
26.771123214285723
36.423728571428576
31.238201428571433
39.25832857142857
50.0
28.22018035714285
41.552839285714285
28.559982142857134
37.46331428571429
1.5632150000000067
4.125663928571427
22.31936607142857
33.23192857142857
34.046600000000005
27.601233928571425
32.01022142857143
18.88266785714285
44.877983928571425
45.40646785714286
20.737103571428577
49.67498571428571
43.57832857142857
43.974028571428576
33.916535
39.08446428571428
34.20721428571429
-38.10182857142857
31.229531785714286
31.536958928571444
32.855275000000006
31.816528571428563
28.703007142857142
44.513510714285715
48.202708928571425
14.517607857142842
11.008982142857128
32.41260357142856
-74.95593214285716
34.37209821428572
35.07441428571429
5.6370714285714385
29.076486071428572
26.276278571428588
33.074894642857146
27.695442857142847
20.390592857142856
39.87452857142857
37.55439642857142
-44.05632303571428
16.135378571428575
6.593364285714259
25.91009642857143
-0.24420499999998668
46.86611428571429
29.758450000000007
44.096407142857146
16.712754285714283
41.688560714285714
1.9208471428571556
27.40330357142857
24.595539285714285
24.112385714285722
17.15803914285714
43.372907142857144
8.484721428571412
22.750935714285696
17.17830357142858
43.665035714285715
45.35036071428571
25.866651785714286
36.739125
34.766714285714286
39.10583214285713
41.21154285714285
27.975510714285704
-1.9806786785714294
35.59977857142857
27.944450000000003
40.27539285714286
18.62060714285717
32.44005357142858
35.26849999999999
44.6904375
33.51539017857142
36.8804125
7.316529285714289
33.12381428571429
-31.875869642857122
41.629875
44.614875
29.916257142857127
37.15427142857142
22.491332142857132
27.82911607142858
49.45766428571429
39.01934285714285
35.552057142857144
42.04720535714286
40.494666071428576
33.45494642857143
25.040782142857132
36.107328571428575
45.75013571428571
39.837857142857146
14.411283928571436
13.765400000000007
38.942214285714286
14.278514285714287
44.460978571428576
19.118821428571415
1.8672278571428578
25.936931428571427
40.36270535714286
49.06173571428572
-33.101060714285715
34.683025
35.3074
26.333574999999996
33.513838750000005
4.863894285714274
15.765996428571441
15.200843571428564
37.71405
37.73727678571429
29.06107857142856
45.549778571428575
8.066510714285698
39.49453571428571
42.78215
40.78144821428572
40.41849642857143
-12.686410892857154
34.986828571428575
14.91749999999999
38.65628392857143
27.20546785714286
21.85947142857143
29.360643928571427
31.63800285714286
18.954335714285723
26.95729714285715
34.05675
42.24525714285714
37.66160714285714
37.1301
29.646222500000004
24.38715178571429
5.057789642857166
31.557292857142862
