0.7228154695678144
1.1038750609839743
-0.16417288616429015
-1.5005457572032004
0.43148380017442367
-0.8707845675880992
1.579232009035577
-0.18740286172066156
1.1565959026835522
-1.5668098360702025
0.6141478156631983
-0.25097711736941797
-0.3742237017334711
-1.7325668757702894
-1.3539208200711101
-1.2603415229509576
-1.0037179107219911
-2.3970391296790057
0.04556191088461814
0.294114296453694
-0.6867083770230011
1.1070558924308374
-0.9441112761714523
0.4380874137371442
0.6030094449209118
-0.9867147042268156
1.5540101190928597
-0.4191394483150237
-0.6881202460486278
-0.04439661003992024
0.39140650337733973
3.66464365495061
2.748036475389601
0.0
1.3184258196520333
1.774570264411933
5.852988938229207
1.3608738362636823
0.30027850865241335
3.5468717586272573
1.2081437352116722
1.2051253913492195
4.166637289765261
3.205024737616542
2.6930628152890184
1.2995081110219295
4.693539623896781
4.429917503566525
1.4421097121418907
5.917683464170717
2.869429720593326
2.1752994952420557
5.660007805267298
5.051486027148335
3.4626092264562147
5.060754563617165
1.742617867890545
2.6987444897269373
5.363585150599249
0.9895156790584112
4.858080205247172
-0.9450078106883353
2.9348393584610752
2.942315714122184
6.883506325653
2.447364698409724
-0.35657402400989513
2.3614290148191124
4.643716733068031
3.488819822760063
3.2201558051341648
2.9206001391106375
6.617036668753553
2.4499570698994417
1.411209337219137
1.1260300881616043
1.7140404907684976
2.987976339582533
5.607416571611673
3.5626862880859287
3.140502097240615
4.104495647445781
2.7130180157388866
1.3754493303784687
0.44653388131162103
4.314521962265135
2.057758207618376
0.6571289853721064
1.9917499152504274
5.129900844944703
5.81819490330485
3.6456368705543243
0.5052553864021193
0.7065323025290375
2.851958307432822
3.830248135152981
5.107455607159394
2.4924376708877785
1.5396365374066683
1.6716508618694697
1.726550876827175
2.424037711322535
1.405683688019454
7.068123032132004
4.182340470412123
4.903151313331999
4.416984698753039
4.6798093436350765
2.540450018471859
1.3467146304169864
1.517323204368951
3.226020073462432
1.510837365522142
2.5896739000342244
5.265908146850537
3.935986625616281
2.9249434821452294
6.2659954363378905
0.5252378131800044
0.0
4.0918052674937355
0.9670885743751605
6.834801821659184
2.684176930340987
6.304625397943856
7.708275936110648
3.8979216785749533
4.866296464396074
4.642249964158271
3.6256680054804873
4.112367185340197
1.079409006085513
4.175170075849191
3.173359231834965
3.2951235422423957
1.9882235259025727
1.8760538349124434
3.7883032564050794
4.069335162720832
3.0718485432909755
0.30227110490631987
1.738431097247152
3.7445469904541
1.0891393413159565
2.280997757659828
1.4387019811961332
4.208114992988354
4.999661954835464
4.2819375703882985
3.274207430410857
2.8726599384785043
3.176392849146252
2.6109750859263494
6.075464328986023
3.4103304417810234
1.6526280009425849
4.9839557289322665
3.7505357543495026
5.237980350649369
3.6017013162246503
1.2296063860127928
4.2983650447588495
0.56916068452407
2.0368448844875893
4.502086724142054
1.9148875977590456
4.044747008045956
3.5745110849036283
4.219916023648839
5.817486663520175
3.040185543062219
5.885870909673581
4.41123650856658
3.270417078185735
5.26809399614835
1.4569370011264215
4.4655203691268595
2.5223868709403234
0.9573886307230688
0.9701368360794951
5.093494248010054
4.678144455581682
2.863371645496433
5.127548743581953
4.506628719407474
4.3963302397595685
4.95296542513691
1.2659267216002443
6.4154258756764895
1.6022736223391703
0.3589065686879578
2.8978340577723256
4.175031979011935
4.030475488677132
2.717649431843818
0.7301988244961553
2.1742263868521667
6.808431869321773
2.7633398756496304
0.9356053516555456
0.4764465325074516
5.314034347406485
0.6491322858443376
5.09756166447629
4.6996080092320005
3.973123254922907
4.019105638518761
3.504458713242501
